2405,2403,0.803402
2405,2404,0.00384902
2396,2395,0.194082
2385,1519,0.39366
2385,1520,0.509439
2385,1522,0.309708
2412,2393,0.325668
2412,2409,0.518949
2412,2411,0.401888
2151,2097,0.0221374
2151,2099,0.253441
2151,2132,0.0230027
2151,2150,0.0626511
2416,2076,0.149041
2416,2095,0.812543
2416,2096,1
2416,2413,0.444868
2413,2076,0.212654
2413,2079,0.082516
2413,2083,0.23861
2393,2392,0.614819
2400,2396,1
2400,2398,0.501319
2400,2399,0.234607
1519,1377,0.288767
1519,1517,1
1320,1317,0.813296
1320,1318,0.315229
556,554,0.359072
556,555,0.807154
2132,2131,1
2140,2134,0.826146
2140,2139,0.810333
2134,2131,0.0216126
2134,2132,0.0667058
2134,2133,0.0197323
2409,2407,0.481405
2387,1524,0.809493
2387,1534,1
2387,1535,0.806245
2387,2386,0.807591
2386,1522,0.0817125
2386,1524,1
2386,1534,0.806559
1373,1371,0.212921
1373,1372,0.36915
1363,1361,1
1363,1362,1
1362,1358,1
1362,1359,0.825253
1362,1361,1
1345,1318,1
1345,1344,1
2392,2390,1
2392,2391,0.81246
541,539,0.10533
541,540,1
2414,1544,0.800932
2414,2079,1
2414,2080,0.813112
2414,2391,0.801352
2414,2413,0.217729
2399,2395,0.135365
2399,2396,0.285028
2399,2397,1
2399,2398,0.809186
1316,1312,1
554,551,1
554,553,1
2142,2140,0.404617
2142,2141,1
2099,2095,1
2099,2097,0.283948
2391,1544,0.824119
2391,1545,0.834769
2391,2390,0.303364
2410,2401,1
2410,2403,0.00626586
2410,2407,0.806053
2410,2408,0.072999
2410,2409,0.802533
2404,2398,0.243626
2404,2400,0.403455
2404,2402,0.374706
2404,2403,0.00627828
2395,2394,0.801927
2389,1535,0.0474078
2389,1537,0.0712583
2389,1568,0.00776544
2389,2388,0.137169
1520,1517,0.410293
1520,1518,1
1520,1519,1
1377,1373,0.802457
1377,1376,1
1370,1361,1
1370,1363,0.480533
1370,1366,0.824856
1370,1367,0.830849
1309,1300,1
1309,1307,1
1309,1308,1
1300,1298,1
1300,1299,1
2133,2130,0.455191
2133,2131,1
2133,2132,0.804466
2394,1568,0.154208
2388,1535,1
2388,1537,0.0169263
2388,2387,1
1371,1366,1
1371,1367,1
1371,1370,0.821261
1358,1355,1
1358,1356,1
1356,1344,1
1356,1345,1
1356,1355,1
1310,1308,1
1310,1309,1
552,546,0.148612
2096,2076,0.258671
2096,2094,0.331142
2096,2095,0.8192
2398,1587,1
2398,2397,0.809682
1372,1367,1
1372,1369,1
1372,1371,1
1344,1318,1
1312,1310,1
1312,1311,0.828267
1298,1293,1
1298,1297,1
551,539,0.0363188
551,541,0.809641
551,543,1
2139,2130,0.304861
2139,2133,0.0567832
2139,2134,0.809901
2139,2136,0.114276
2100,2094,1
2100,2095,0.369409
2100,2096,0.495122
2100,2097,0.805897
2100,2098,1
2100,2099,1
2390,1542,0.816083
2390,1544,0.808768
2390,1545,0.830429
2390,1599,0.816428
2411,1599,0.81153
2411,2390,0.432435
2411,2392,0.4203
2411,2393,1
2411,2407,0.472358
2411,2409,0.124541
2407,1599,0.816713
2407,2401,0.801148
1524,1522,0.0193776
1524,1523,0.495365
1522,1518,0.802043
1522,1520,0.817574
1522,1521,0.490624
1297,1291,1
1297,1293,1
1297,1296,1
1296,546,0.805267
1296,552,0.825477
1296,1290,1
1296,1291,1
2131,2128,0.84853
2131,2130,1
2079,1544,0.802257
2079,2077,0.816476
2397,1568,0.402693
2397,1584,1
2397,1587,0.804683
2397,2394,0.0282324
2397,2395,0.154465
1568,1537,0.8099
1568,1541,0.495138
2150,2097,0.187176
2150,2128,0.801013
2150,2131,0.802319
2150,2132,0.804468
2150,2145,0.838127
2083,2076,0.827523
2083,2079,0.00430561
2083,2081,0.364283
1534,1523,0.808781
1534,1524,0.815204
1534,1531,0.037931
1534,1532,0.819134
1518,1513,1
1518,1517,1
1517,1376,1
1517,1377,1
1517,1512,1
1517,1513,1
1376,1369,1
1376,1372,1
1376,1373,1
1376,1375,1
1366,1361,0.469315
1366,1364,1
1361,1359,0.339921
1361,1360,1
1359,1355,0.398664
1359,1357,1
1359,1358,0.80979
1355,1344,1
1332,1330,0.8115
1332,1331,0.171452
1331,1312,1
1331,1315,1
1331,1316,1
1331,1329,1
1331,1330,1
1523,1521,0.408779
1523,1522,0.0975789
555,549,0.407259
555,553,1
555,554,1
2141,2135,0.808798
2141,2136,0.831144
2141,2138,0.0185337
2141,2139,0.813054
2141,2140,0.397614
2097,2086,0.807688
1545,1542,0.824746
1545,1543,0.00126317
1545,1544,0.0956572
2402,1587,1
2402,2398,0.498977
2402,2401,0.00186453
1535,1532,1
1535,1533,0.46454
1535,1534,1
2080,1543,0.212475
2080,1544,0.120989
2080,1545,0.00340443
2080,1602,0.00574684
2080,2077,0.801833
2080,2079,0.806348
2408,1587,0.00654967
2408,2401,0.0409621
2408,2402,0.0109122
2408,2403,0.276211
2408,2404,0.00837945
1587,1584,0.233667
2401,1586,0.00240443
2401,1587,0.000613596
2401,1599,1
1584,1540,0.808665
1584,1541,1
1584,1568,0.427418
1584,1583,0.809005
1541,1536,0.812038
1541,1537,0.802895
1541,1540,0.807993
1367,1364,1
1367,1365,1
1367,1366,1
645,644,0.0134267
2094,2076,0.192014
2094,2083,0.155095
2094,2084,0.808749
2130,2128,0.809398
2130,2129,0.814884
2098,2084,1
2098,2086,0.802853
2098,2087,0.801829
2098,2094,0.805717
2098,2097,0.818152
1599,1542,0.808874
1599,1586,0.00311018
1599,1597,0.809153
1537,1533,0.0281767
1537,1535,0.0175204
1537,1536,0.821116
1334,1330,0.0267903
1334,1332,0.00403278
1334,1333,0.0213424
1307,1299,1
1307,1300,1
1307,1303,1
1307,1304,1
1299,1293,1
1299,1295,1
1299,1298,1
553,543,1
553,548,1
553,549,1
553,551,1
2138,2136,0.00617869
2138,2137,0.00409465
1357,1355,1
2136,2130,0.0203045
2136,2135,0.132099
1532,1523,0.803897
1532,1527,0.497258
1532,1531,0.80749
1531,1516,1
1531,1521,0.0912236
1531,1523,0.390794
1531,1525,0.80034
1531,1527,0.801572
1521,1513,1
1521,1516,0.136634
1521,1518,1
1369,1365,1
1369,1367,1
1369,1368,1
1308,1304,1
1308,1307,1
540,537,0.461445
540,539,0.835028
643,639,0.807055
643,642,0.800978
2081,2074,0.0622818
2081,2077,0.569297
2081,2079,0.0547672
2077,1543,0.809496
2077,2072,0.814309
1602,1542,0.832605
1602,1543,0.00333495
1602,1545,1
1602,1597,1
1602,1600,0.819208
1364,1351,1
1364,1360,1
1364,1361,1
1329,1315,1
1329,1323,1
1311,1304,1
1311,1306,1
1311,1308,1
1311,1310,1
1293,1291,1
1293,1292,1
1290,544,0.808634
1290,546,0.805325
1290,552,0.802583
1290,1288,1
546,544,0.801079
539,537,0.277178
539,538,0.819726
649,644,0.00709327
649,645,0.00574838
649,646,0.80068
2145,2086,0.369532
2145,2097,0.801358
2145,2128,1
2145,2143,1
2101,2074,0.0844597
2101,2076,0.805743
2101,2081,0.174094
2101,2083,0.688744
2101,2084,1
2101,2090,1
2101,2094,0.807814
1586,1585,0.124716
1512,1374,1
1512,1375,1
1512,1376,1
1512,1511,1
1375,1368,1
1375,1369,1
1375,1374,1
1360,1351,1
1360,1357,1
1360,1359,1
1337,1333,1
1337,1334,0.0136121
1337,1335,1
543,538,1
543,539,0.824663
543,542,1
641,636,0.029661
648,646,0.011744
2149,2128,0.802741
2149,2129,0.48139
2149,2130,0.356989
2149,2135,0.0992843
2149,2143,0.801982
2149,2147,0.0674611
1513,1511,1
1513,1512,1
1315,1306,1
1315,1311,1
1315,1312,1
646,644,0.00145086
644,639,0.812357
644,642,0.00765632
644,643,0.803115
1597,1542,0.820343
1597,1585,0.000497385
1597,1586,0.00531023
1525,1516,0.398252
549,545,0.00432173
549,548,0.805623
2137,2135,0.810042
2137,2136,0.805692
1600,1597,1
1600,1598,0.00873003
1536,1528,0.00293668
1536,1530,0.00392742
1536,1533,0.0166831
1533,1527,0.352132
1533,1528,0.80061
1533,1530,1
1533,1532,0.18546
1527,1525,0.802772
1516,1511,0.187028
1516,1513,0.138979
1516,1515,0.824589
1365,1351,1
1365,1352,0.831735
1365,1364,1
1291,1288,1
1291,1289,1
1291,1290,1
642,636,1
642,639,0.804969
642,641,0.00980947
2135,2129,0.212945
2135,2130,0.818701
2082,2072,0.811403
2082,2074,0.0556984
2082,2075,0.357404
2082,2077,0.355675
2082,2081,0.11325
1583,1540,0.0231704
1583,1541,0.010866
1583,1578,0.0513437
1583,1581,1
1540,1536,0.808526
1540,1539,0.807404
1330,1323,1
1330,1324,0.847678
1330,1329,1
647,639,0.00620156
647,640,0.0069745
647,644,0.00747475
647,646,0.20895
2087,2084,0.620378
2087,2085,0.0432777
2087,2086,0.819439
1585,1581,0.807876
1585,1583,0.802956
1585,1584,0.80356
1509,1503,0.150401
1511,1374,1
1511,1507,1
1511,1510,0.23829
1368,1352,0.833496
1368,1353,0.432457
1368,1365,1
1336,1335,0.601635
639,634,0.017658
639,636,0.817847
639,638,0.0131839
636,634,0.0169059
636,635,0.0834929
2143,2128,1
2340,1543,0.803946
2340,1600,0.000881222
2340,1602,0.000531261
2340,2335,0.47923
1528,1526,0.0194427
1528,1527,0.243831
1515,1510,0.250651
1515,1511,0.11145
1515,1513,0.197546
1374,1352,0.188801
1374,1353,0.377082
1374,1368,1
1303,1295,1
1303,1299,1
1303,1301,1
1295,1292,1
1295,1293,1
1295,1294,1
635,634,1
640,638,0.163462
640,639,0.00573276
2090,2074,0.0943955
2090,2084,1
2090,2088,0.801545
2341,1600,0.0435505
2341,1601,0.0247947
2341,2336,0.0390059
2341,2340,0.0197154
1601,1597,0.742806
1601,1598,0.0143907
1601,1600,0.365458
1539,1528,0.264582
1539,1530,0.029327
1539,1536,0.813206
1501,1499,1
1501,1500,0.803659
1352,1351,0.827939
1333,1326,1
1333,1330,1
1323,1306,1
1323,1314,1
1323,1315,1
1304,1301,1
1304,1302,1
1304,1303,1
2146,2085,0.198933
2146,2086,0.438616
2146,2087,0.802219
2146,2143,1
2146,2144,0.81477
2146,2145,1
2147,2106,0.823493
2147,2129,0.816058
2147,2143,0.746679
1598,1585,0.800369
1598,1586,0.800976
1598,1590,0.121203
1598,1597,0.0184764
1499,1350,0.220006
1499,1498,0.824461
1510,1507,1
548,542,0.508178
548,543,1
548,545,0.068956
538,522,1
538,537,0.825981
537,522,0.801354
537,535,0.822166
1348,1342,0.0564964
1348,1343,0.317757
2153,2119,0.319527
2153,2122,0.162164
2153,2129,0.807186
2153,2135,0.820543
2153,2137,1
2153,2152,0.853037
2093,2084,1
2093,2085,0.115826
2093,2087,0.298924
2093,2088,1
2093,2090,0.801462
2093,2092,0.29777
2091,2073,0.462904
2091,2074,0.20403
2091,2075,0.0510743
2091,2088,0.801846
2091,2089,1
2091,2090,1
2075,2071,1
2075,2072,0.815304
2075,2073,0.0519041
2075,2074,0.813156
1581,1540,0.014249
1581,1578,0.036298
1335,1326,1
1335,1328,1
1335,1333,1
1306,1302,1
1306,1304,1
1306,1305,1
1292,1196,1
1292,1289,1
1292,1291,1
637,610,0.802107
637,629,0.0483821
637,632,0.802235
637,633,1
630,606,0.349542
630,610,0.813839
2152,2106,1
2152,2119,1
2152,2129,0.805753
2152,2135,0.642851
2152,2147,0.802653
1507,1353,1
1507,1374,0.417282
2072,1543,0.803206
2072,2071,0.202195
1603,1596,0.0708709
1603,1598,0.00962129
1603,1601,0.802329
1353,1352,0.0746568
638,634,0.0776649
638,635,0.311928
638,636,0.80903
2085,2063,0.801735
1578,1530,0.206386
1578,1539,0.438837
1578,1540,1
1578,1566,0.0105861
1530,1526,0.303729
1530,1528,0.191374
1530,1529,0.602175
1503,1500,1
1503,1501,0.802006
1503,1502,0.81422
1288,544,0.823028
1288,1193,1
544,531,0.802699
544,534,0.0740501
535,518,1
535,521,0.800565
535,522,0.800915
632,609,0.801192
632,610,0.810404
632,629,0.0697854
632,630,0.805137
2144,2063,0.825351
2144,2085,0.801156
2144,2104,1
2144,2143,0.0502485
2335,1543,1
2335,1592,0.24307
2335,2071,0.830182
2335,2072,0.818178
2335,2333,0.252016
2342,1596,0.00514373
2342,1601,0.151102
2342,1603,0.0312011
2342,2336,0.00400868
2342,2339,0.027088
2342,2341,1
1590,1581,0.800637
1590,1585,1
1590,1588,0.808097
1506,1502,0.0913699
1506,1503,0.0356973
1506,1504,0.343596
629,609,0.0251332
629,612,1
1591,1588,0.811373
1591,1590,0.803698
2122,2119,0.817187
2148,2104,0.134187
2148,2106,0.802221
2148,2107,0.818114
2148,2143,1
2148,2144,0.0453388
2148,2147,1
2088,2065,0.0385043
1349,1342,0.277117
1349,1347,0.823557
1349,1348,0.0339898
1343,1328,1
1343,1335,1
1343,1336,1
1343,1341,0.451635
1343,1342,0.337914
1289,1193,1
1289,1194,1
1289,1196,1
1289,1288,1
545,532,0.105425
545,542,0.0314745
542,522,1
542,532,0.448503
542,538,1
610,604,0.806113
610,606,0.804771
610,608,0.000489268
610,609,0.0240471
606,604,0.804992
2119,2106,1
2119,2107,1
1596,1595,0.00148883
1498,1350,0.831532
1498,1493,1
1498,1495,1
1498,1497,1
1324,1314,1
1324,1321,1
1324,1322,1
1324,1323,1
602,598,0.0161234
602,599,0.811801
602,600,0.484629
602,601,0.00172885
599,597,0.00418295
599,598,0.0566837
1314,1305,1
1314,1306,1
1314,1313,1
612,608,0.818396
612,609,0.0350365
612,610,0.00155574
2073,2061,0.820647
2073,2071,0.102751
1594,1588,0.80741
1594,1589,0.820992
1594,1591,0.357838
1594,1593,0.812637
1588,1580,0.0237196
1588,1581,0.80095
1588,1582,0.0399223
1582,1578,0.679373
1582,1579,0.325233
1582,1580,0.311328
1582,1581,0.107783
1497,1347,1
1497,1349,0.822869
1497,1350,0.82332
1497,1492,1
1497,1493,1
1301,1207,1
1301,1294,1
1301,1295,1
597,465,0.00465037
604,603,0.806767
603,600,0.02202
603,601,0.00277642
603,602,0.00402876
2339,1595,0.000897663
2339,2336,0.802544
2339,2338,0.0104615
1566,1529,0.479356
1566,1530,0.286213
1566,1538,1
1529,1508,0.218152
1529,1526,0.821057
1502,1496,1
1502,1500,1
1500,1493,1
1500,1495,1
1500,1496,1
1500,1498,1
1500,1499,0.804139
1342,1339,0.849647
1342,1341,1
534,308,0.319303
534,531,0.497801
609,604,0.803635
609,608,0.0130369
2089,2061,1
2089,2065,0.800491
2089,2066,0.808815
2089,2073,0.372742
2089,2088,0.21073
2123,2118,1
2123,2119,1
2123,2120,0.448683
2123,2121,1
2123,2122,0.810029
2107,2104,1
2107,2105,0.814434
2107,2106,1
2333,1592,0.804844
2333,2071,0.836908
2333,2314,1
1579,1566,0.163108
1579,1570,0.172593
1579,1577,0.394193
1579,1578,0.394576
1341,1328,0.325521
1341,1339,0.841866
1341,1340,1
1328,1326,1
1328,1327,0.511262
1326,1322,1
1326,1324,1
1302,1207,1
1302,1208,1
1302,1301,1
1294,1196,1
1294,1198,1
1294,1207,1
1294,1292,1
459,456,0.802815
463,456,0.00494913
463,459,0.801313
463,460,0.00122395
2120,2105,1
2120,2106,0.801893
2120,2107,0.80601
2120,2118,0.419123
2120,2119,0.823073
2338,1595,0.464748
2338,1596,0.00206848
2104,2063,1
2092,2063,0.800726
2092,2065,0.0572148
2092,2069,0.166085
2092,2070,0.179088
2092,2085,0.823523
2092,2088,0.259143
598,465,0.194508
598,592,0.232868
598,597,0.0185095
464,459,0.803945
464,460,0.81464
464,462,0.13048
1495,1493,1
1492,1347,1
1347,1339,1
1347,1342,0.858819
456,455,0.00305376
451,450,0.00098041
2337,2061,1
2337,2071,0.422991
2337,2073,0.802007
2337,2314,0.831661
2337,2318,1
1595,1573,0.800583
1595,1593,0.800768
1577,1538,1
1577,1566,0.816252
1577,1569,0.0066701
1577,1570,0.366396
1504,1496,0.388364
1504,1502,0.260939
1496,1495,1
1493,1492,1
1305,1208,1
1305,1210,1
1305,1302,1
522,520,1
522,521,1
518,517,1
627,608,0.0836914
627,609,0.815562
627,621,0.0381095
627,625,1
625,601,0.00741446
625,603,0.801086
625,604,0.802143
625,609,0.810521
625,619,0.0230094
625,621,0.0318551
601,596,0.802905
601,600,0.017049
1589,1571,0.0415065
1589,1572,0.00604875
1589,1574,0.800497
1589,1580,0.0799002
1589,1588,0.108445
1580,1570,0.159962
1580,1571,1
1580,1572,0.32427
1580,1574,0.029775
1580,1579,1
1505,1504,0.818478
600,592,0.8031
600,593,0.0356784
600,596,0.00496333
600,598,0.815421
600,599,0.809824
2169,2121,0.832121
2169,2123,0.828031
2169,2167,1
2069,2063,0.238966
2069,2065,0.402781
2069,2067,0.809543
1593,1573,0.800428
1593,1574,0.800414
1593,1589,0.82261
1196,1194,1
1196,1195,1
1193,308,0.809096
1193,533,1
1193,534,0.808355
1193,544,0.810766
1193,1191,1
531,308,0.801381
531,529,1
465,462,0.807103
465,464,0.00978258
1538,1508,0.809572
1538,1529,1
1340,1327,1
1340,1328,0.182895
1340,1338,0.826728
1340,1339,0.833322
2121,2118,1
2110,2063,0.248943
2110,2067,0.803328
2110,2069,0.802148
2110,2104,0.410962
2110,2108,0.817739
2066,2061,0.576864
2066,2065,0.800638
521,304,0.46036
521,517,0.886638
521,518,0.88752
521,519,1
521,520,0.891459
619,596,0.82862
619,601,0.806009
619,603,0.800951
619,618,1
460,454,0.805623
460,455,0.387209
460,456,0.80642
460,458,0.791231
460,459,0.0204885
455,453,0.0147295
455,454,0.805236
450,449,0.0136643
2118,2105,0.429386
1569,1538,0.0447205
1338,1327,0.504593
1322,1270,0.235911
1322,1321,1
2113,2104,0.821341
2113,2105,1
2113,2107,0.829486
2113,2108,0.296868
2113,2110,0.106646
2113,2111,1
2314,1592,0.819124
2314,2071,0.815141
2334,1573,0.00224678
2334,1592,0.802682
2334,1593,0.000412757
2334,1595,0.00108237
2334,2314,0.809681
2334,2315,0.80075
2334,2320,1
1571,1570,0.0977837
1570,1569,0.126025
626,622,0.0705547
626,624,0.0295942
1194,1191,1
1194,1192,1
1194,1193,1
532,522,1
532,530,0.419128
592,462,0.633972
592,465,0.80672
592,590,0.0348557
592,591,0.283939
498,497,0.00435735
2318,2061,0.470302
2318,2314,0.83356
2318,2315,0.800281
2318,2316,0.497724
2318,2317,0.800274
1572,1571,0.178847
1259,1256,0.854383
1259,1258,0.45238
1327,1322,1
1327,1325,1
1327,1326,0.590046
596,591,0.0476995
596,593,0.0452315
596,595,0.366608
593,590,0.801374
593,591,1
593,592,0.056871
462,458,1
462,460,1
462,461,0.351636
453,442,0.0326581
453,449,0.817627
453,450,0.810176
2070,2064,0.680582
2070,2065,0.819646
2070,2066,0.800958
2070,2067,1
2070,2068,0.126949
2070,2069,0.803317
2167,2121,0.121472
2167,2126,0.831419
1574,1571,0.040897
1574,1572,0.0210296
1574,1573,0.803751
1321,1214,0.260703
1321,1270,0.203932
1321,1313,1
1321,1314,1
1313,1210,1
1313,1214,0.182792
1313,1305,1
1207,1198,1
1207,1205,1
497,495,0.804055
497,496,0.0071534
2111,2105,1
2111,2108,1
2315,2313,0.0524374
2315,2314,0.459029
1405,1258,0.260514
1405,1400,0.800996
1405,1402,1
1405,1403,0.800493
1198,1195,1
1198,1196,1
1198,1197,1
449,425,0.0921319
449,429,0.241341
449,442,0.803528
500,495,0.131668
500,497,0.0145782
500,498,0.405394
1575,1573,1
1575,1574,0.827944
1325,1270,1
1325,1274,0.0581296
1325,1322,0.259607
2126,2118,1
2126,2121,0.53131
2126,2124,0.317284
2124,2105,1
2124,2111,1
2124,2113,1
2124,2118,1
2108,2067,0.813744
2332,2061,1
2332,2064,1
2332,2066,1
2332,2068,0.801099
2332,2070,0.626517
2332,2316,0.446815
2332,2318,1
2332,2331,0.16507
1402,1400,0.836652
621,617,0.843234
621,618,0.140674
621,619,0.0901443
618,595,0.842754
618,596,0.848662
618,617,0.862018
454,445,0.0122548
457,442,0.096445
457,443,0.620542
457,445,0.00142546
457,453,0.0304875
457,454,0.816054
457,455,0.817949
2313,2312,0.816525
2320,1573,0.00887326
2320,1575,0.0403842
2320,1576,0.0411839
2320,2315,0.813071
2320,2319,0.825615
1576,1575,0.0435739
1406,1400,0.80788
1406,1401,1
1406,1402,1
1270,1214,1
1270,1269,0.856535
1210,1208,1
1210,1209,0.525503
308,307,1
530,520,1
530,522,1
530,526,0.832243
517,304,0.87042
517,512,1
624,622,0.075659
591,590,0.801406
590,461,0.103232
590,462,0.105668
590,465,0.800829
590,583,0.802593
496,494,0.816347
496,495,0.00898362
2170,2126,0.825372
2170,2162,0.0260461
2170,2165,0.677033
2170,2167,0.816808
2319,2315,0.805717
2109,2062,0.0596486
2109,2067,1
2109,2068,0.0139931
2109,2102,0.338379
2109,2103,0.0179238
2109,2108,0.825184
2317,2312,0.0124604
2317,2313,0.0155681
2317,2314,0.730616
2317,2315,0.835972
2317,2316,0.374969
1273,1256,0.054749
1273,1259,1
1273,1271,0.843952
1208,1205,1
1208,1206,0.29006
1208,1207,1
1191,533,1
1191,1185,1
461,446,0.802036
461,448,0.802169
461,454,0.0583876
461,458,0.801278
461,460,0.449745
458,445,0.189236
458,446,0.800739
458,454,0.034925
442,429,0.805976
442,440,1
494,492,0.00221242
2127,2116,0.349957
2127,2124,0.29193
2127,2125,0.0546886
2127,2126,0.63728
1494,1491,1
529,307,0.800636
529,308,0.805143
529,525,1
2112,2102,1
2112,2103,0.366764
2112,2108,0.458568
2112,2109,0.803401
2112,2111,1
2068,2062,0.800577
2068,2064,0.805635
2068,2067,0.0407728
1282,1256,0.0467804
1282,1273,0.837351
1282,1281,0.0485347
520,516,1
520,519,0.63468
1420,1283,0.0292561
1491,1490,1
1490,1346,0.808254
1214,1209,1
1214,1210,0.35088
1214,1213,0.85323
1195,1188,1
1195,1192,1
1195,1194,1
533,308,0.802596
533,528,1
2162,2116,0.82847
2162,2126,0.0198909
2162,2127,0.832125
2125,2103,0.714345
2125,2111,0.286742
2125,2112,1
2125,2114,0.82754
2125,2116,0.135544
2125,2117,0.0469678
2125,2124,0.388688
2064,2062,0.800563
1429,1415,0.284631
1429,1418,0.816591
1417,1401,0.808549
1417,1406,1
1417,1411,0.80182
1403,1390,0.804265
1403,1400,1
1403,1402,0.8121
617,586,0.841813
617,595,0.835326
617,614,0.100301
617,616,0.0148434
595,584,0.108623
595,586,0.83003
595,591,0.224983
595,593,0.208988
595,594,0.0402126
594,583,0.818667
594,584,0.695536
594,586,0.164505
594,590,0.802164
594,591,0.826686
445,441,0.815412
445,443,0.804802
1284,1281,0.816003
1284,1282,0.0105098
1284,1283,0.0188777
2331,2064,0.230684
2331,2316,0.807339
2331,2323,0.801422
2331,2326,0.80053
429,425,0.521073
429,428,0.807538
2116,2114,0.490604
1400,1390,0.816453
1400,1392,0.807091
519,304,0.882111
519,515,1
519,516,1
620,616,0.246998
620,617,0.0296997
425,424,0.00406647
489,468,0.810066
489,471,0.813772
489,485,0.00972202
489,488,0.808118
488,467,0.817532
488,468,0.814025
2165,2116,0.821715
2165,2162,0.809299
2165,2163,1
2103,2102,0.80046
1418,1410,0.815233
1418,1411,0.0626603
1418,1415,0.874262
1418,1417,0.254729
1192,1185,1
1192,1186,1
1192,1188,1
1192,1191,1
446,441,0.0138329
446,444,0.24845
446,445,0.00952171
2102,2062,0.350812
2102,2068,0.80042
1283,1255,0.809398
1283,1257,1
1283,1281,0.038254
2323,2064,0.800393
1426,1423,0.801598
1426,1424,0.386997
1428,1414,0.815243
1428,1423,0.808267
1428,1424,0.801341
1428,1426,0.801307
1401,1392,0.804564
1401,1400,1
1274,1268,0.0300799
1274,1269,0.0573508
1274,1270,0.0414897
1274,1271,0.84182
1274,1272,0.828656
1274,1273,1
1209,1204,0.851293
1209,1206,1
1209,1208,0.424192
1205,1197,1
1205,1198,1
1205,1201,0.157562
304,303,1
616,614,0.029539
583,447,0.21039
583,448,0.398574
583,461,0.0892157
583,582,0.435652
448,444,0.804274
448,446,0.801503
448,447,0.80079
2114,2103,0.186947
2114,2112,1
2117,2114,0.434862
2117,2115,0.0393126
2117,2116,0.806936
2326,2062,0.807636
2326,2064,0.80039
2326,2323,0.0210893
1269,1213,1
1269,1214,0.85453
1269,1267,1
1269,1268,0.359026
1197,1188,1
1197,1190,0.104152
1197,1195,1
586,584,0.241797
586,585,0.111277
428,424,0.0041022
428,425,0.811773
428,427,0.000829981
485,471,0.0155676
614,586,0.838203
614,589,0.863508
614,595,0.15115
440,427,0.0123821
440,428,0.800516
440,429,0.800366
440,436,0.554669
1404,1253,0.807267
1404,1257,1
1404,1283,1
1257,1251,0.801721
1257,1253,0.805189
1257,1255,0.470225
1281,1251,0.020407
1281,1255,0.0616015
1281,1271,0.865221
1281,1273,0.845904
1206,1201,1
1206,1202,0.847491
1206,1204,0.8387
1206,1205,0.183063
584,582,0.833507
584,583,0.82768
443,436,0.0417554
443,440,0.105705
443,441,0.802546
443,442,0.183483
424,422,0.806178
424,423,0.252614
615,588,0.804629
615,589,0.806071
615,614,0.0804765
2349,2102,1
2349,2103,0.818539
2349,2114,0.595528
2349,2343,0.0589473
2349,2345,1
2349,2347,0.139646
2345,2062,0.279089
2345,2102,1
2345,2326,1
2345,2327,1
2345,2343,0.0272247
1411,1392,0.817657
1411,1401,0.805267
1411,1408,0.800311
1411,1410,0.0800833
1255,1251,0.810376
512,303,0.891991
512,304,0.888977
512,501,1
2166,2161,0.822575
2166,2163,0.0752376
2166,2164,1
2166,2165,0.0550107
2163,2115,0.0953445
2163,2116,0.811157
2163,2117,1
2163,2161,0.053733
2354,2114,0.051382
2354,2115,0.464609
2354,2116,0.0144088
2354,2117,0.0278902
2354,2350,0.824387
2354,2353,0.81378
1423,1414,0.808071
1423,1421,0.805466
1414,1412,0.813141
1414,1413,0.800739
1415,1410,0.810764
1415,1412,0.816472
1415,1413,0.800619
1415,1414,0.082544
1271,1251,0.816963
1271,1255,0.0609727
1271,1265,1
525,307,0.804295
525,523,1
526,516,0.436909
526,520,1
526,524,1
516,513,1
516,515,1
589,580,0.378536
589,585,0.0714576
589,586,0.148984
589,588,0.365223
2324,2322,0.00123261
2352,2114,0.507205
2352,2347,0.40618
2352,2349,0.184368
2352,2350,1
2352,2351,0.808646
2327,2322,1
2327,2323,0.0427393
2327,2324,0.0020972
2327,2326,1
1390,1253,0.458849
1185,527,1
1185,528,1
1185,533,1
528,306,1
528,307,0.817961
528,308,0.804253
528,527,1
515,303,0.336895
515,304,0.89552
515,511,1
515,512,0.897342
515,513,1
441,436,0.244202
422,419,0.00895815
471,468,0.821604
471,470,0.817066
468,467,0.14882
447,436,0.105922
447,437,1
447,439,0.25531
447,444,0.800737
1424,1423,1
1253,1251,0.407262
1267,1213,1
1267,1262,1
1267,1263,1
1213,1204,1
1213,1209,0.850337
1213,1212,1
1201,1189,0.852992
1201,1190,1
1201,1197,0.184132
581,439,0.843348
581,447,0.0346407
581,577,0.841766
444,436,0.04364
444,437,0.800626
444,441,0.00409247
2350,2114,1
2346,2322,0.65907
2346,2327,1
2346,2343,0.801258
2346,2344,0.603489
2346,2345,0.481416
1410,1408,0.802226
1392,1390,1
1392,1391,0.800595
1188,1184,0.140974
1188,1186,1
307,305,0.496595
307,306,0.808465
585,578,0.863504
585,580,0.138799
585,582,0.871631
585,584,0.26186
582,447,0.0435178
582,577,0.0840281
582,578,0.246571
582,581,0.0863444
436,427,0.803316
436,433,0.807524
436,434,0.249486
427,423,0.0240439
427,424,0.00116938
427,426,0.811566
423,419,0.800821
423,421,0.801424
423,422,0.0311379
275,238,1
275,246,1
275,249,1
275,274,1
2028,2018,1
2028,2019,1
287,283,0.189887
2032,2015,0.0324195
2032,2016,0.00561472
2032,2017,0.141066
2032,2025,0.344547
2032,2029,0.0567353
2032,2030,0.136229
2032,2031,0.00436747
291,260,1
291,262,1
291,289,1
2017,2012,0.811342
2017,2015,0.448945
276,274,1
276,275,1
2012,1825,0.0432068
2012,2010,0.810709
271,270,1
1848,1847,0.00138455
107,97,0.0274867
107,103,0.0487479
107,104,0.0912556
107,105,0.0528965
107,106,0.0330728
235,192,1
235,206,0.854904
235,214,0.866627
1976,1672,0.00301507
1976,1673,0.223481
1976,1741,0.0821194
1976,1969,0.0178848
1976,1975,0.805021
2031,2016,1
2031,2028,0.659994
2031,2029,0.133827
2031,2030,0.00140606
290,280,1
290,283,0.808804
290,287,1
290,289,1
189,170,0.0133293
189,188,0.436538
1930,1928,0.813529
1930,1929,0.815533
2015,2010,0.818084
2015,2012,0.812715
2015,2014,1
274,238,1
274,267,0.462268
1722,1719,0.550262
1722,1720,0.520523
1722,1721,1
1847,1671,0.802919
1847,1821,1
106,99,0.0797659
106,101,0.80369
106,102,0.654824
106,103,0.0108537
2030,1964,0.270599
2030,2014,0.207627
2030,2015,0.0694402
2030,2029,0.00842991
289,260,1
289,278,1
289,280,1
192,173,1
192,191,1
1933,105,0.0642155
1933,109,0.0523907
1933,135,0.139453
1933,1932,0.155861
335,325,0.821548
335,331,0.815178
779,775,1
779,776,1
779,777,1
779,778,1
2010,1667,0.812491
2010,1823,0.830638
2010,1825,0.325719
2010,1826,0.824653
2010,1954,0.821763
269,268,1
657,232,1
657,234,1
657,255,1
657,256,1
657,656,1
2029,1964,0.0127623
2029,1966,0.00562604
288,282,1
288,285,0.289395
2014,1954,0.817837
2014,1957,1
2014,1964,1
2014,2010,0.138979
273,272,1
995,983,1
995,984,1
995,991,1
995,993,1
780,778,1
780,779,1
233,230,1
191,170,0.820156
191,173,1
191,189,0.430437
1932,109,0.198003
1932,1927,0.472286
1932,1929,1
776,656,1
776,657,1
776,775,1
1964,1957,1
223,164,1
223,167,1
223,220,1
223,221,1
223,222,1
234,229,1
234,230,1
234,232,1
234,233,1
1975,1673,0.00159304
1975,1969,0.8036
217,214,1
217,215,1
217,216,1
1958,1921,1
330,326,0.15777
330,327,0.00547216
330,328,0.0172
330,329,0.0264897
778,776,1
778,777,1
230,227,1
230,228,1
230,229,1
1971,1925,1
1971,1926,0.810273
1971,1968,0.806906
1971,1969,0.0632669
1971,1970,0.804704
1954,1667,0.247296
1954,1952,1
1954,1953,0.815735
213,205,1
213,206,1
213,208,1
218,215,1
218,216,1
218,217,1
1959,1946,0.812195
1959,1958,0.804253
1041,964,1
1041,965,1
1041,1005,1
1041,1006,1
228,216,1
228,217,1
228,218,1
228,227,1
1969,1669,0.806591
1969,1672,0.818839
1969,1726,0.806951
328,313,0.104943
328,324,0.804848
328,325,0.0223936
328,326,0.00582276
328,327,0.807702
331,313,0.337676
331,325,0.823531
1977,1969,0.005061
1977,1973,0.0085517
1977,1975,0.0174582
236,192,1
236,194,1
236,235,0.486341
1646,1102,0.809032
1646,1103,1
1646,1640,1
792,784,1
792,786,1
792,787,1
792,790,1
214,206,1
214,213,1
1955,1666,0.807863
1955,1667,0.805647
1955,1668,1
1955,1823,1
1955,1953,0.482643
1963,1951,0.808168
1963,1956,0.810251
1963,1957,0.50977
1963,1962,0.816313
222,220,1
996,993,1
996,994,1
996,995,1
173,170,0.806346
173,171,0.81558
1914,1907,0.492229
1914,1912,0.241175
656,226,0.800832
656,232,0.823031
656,234,0.643591
656,655,1
1852,1833,0.803196
111,110,1
206,173,1
206,174,1
206,192,1
206,205,1
1952,1667,0.0916618
1952,1949,0.234466
211,207,1
211,208,1
211,209,1
211,210,1
993,983,1
993,984,1
1911,1737,0.0300404
1911,1853,0.0317365
1953,1667,0.00631004
1953,1947,0.0508476
1953,1949,1
1953,1950,0.253051
1953,1952,0.816146
212,210,1
212,211,1
1951,1946,0.821513
210,157,1
210,209,1
777,770,1
777,773,1
777,775,1
777,776,1
327,323,0.0150373
327,324,0.803422
1973,1669,0.803248
1973,1969,0.0164905
1973,1970,0.82127
1973,1971,0.805603
1973,1972,0.809872
232,226,1
232,229,1
232,230,1
232,231,1
1643,1641,0.201264
1643,1642,0.36891
1003,998,1
1003,1000,1
1003,1002,1
1826,1821,0.804795
1826,1822,0.0473196
1826,1823,0.0990398
1826,1824,0.819584
1826,1825,0.815489
85,74,0.16319
85,80,0.808977
85,82,0.0264459
180,179,1
329,323,0.00235376
329,327,0.00621128
326,325,0.0125481
1972,1970,0.221668
231,222,1
231,225,1
231,226,1
231,229,1
231,230,0.599221
1645,1642,1
1645,1643,1
1645,1644,1
775,655,1
775,656,1
775,770,1
775,773,1
205,169,0.81039
205,171,0.802237
205,174,1
205,204,1
1641,1639,0.814686
1641,1640,0.812876
1640,1100,0.415967
1640,1101,0.415918
1640,1102,0.467708
1640,1638,0.814204
1640,1639,0.812831
957,952,1
957,953,1
957,956,1
784,781,1
784,782,1
784,783,1
229,222,1
229,227,1
229,228,1
1970,1925,0.810829
2005,1669,1
2005,1726,1
2005,1968,0.804427
2005,1969,0.809731
2005,1971,0.80809
2005,1973,0.803743
2005,1996,1
264,254,1
264,257,1
264,258,1
264,261,1
264,263,1
2008,1725,0.400931
2008,1727,0.224026
2008,1732,0.802844
2008,1997,0.396869
2008,2002,0.138359
2008,2006,0.482377
267,198,0.106071
267,202,0.822203
267,238,0.809959
2006,1725,1
2006,1997,0.442395
265,262,1
265,263,1
323,321,0.0061111
1126,1099,0.817607
1126,1103,0.811329
1126,1118,0.356336
1949,1946,0.810165
1949,1948,0.00617926
208,203,0.800449
208,204,1
208,205,1
208,207,1
1127,1118,1
1127,1119,1
1127,1124,1
1127,1126,0.50053
1950,1947,0.802454
1950,1948,0.810177
1950,1949,1
209,156,1
209,157,1
209,207,1
1706,1701,0.809743
1706,1702,0.808381
773,770,1
773,771,1
1966,1957,0.264614
1966,1963,0.0570426
1966,1964,0.818319
225,220,1
225,222,1
225,223,1
320,311,0.808437
320,312,0.290645
325,313,0.260063
1996,1926,0.292543
1996,1968,0.461963
255,233,1
255,234,1
255,253,1
255,254,1
786,783,1
786,784,1
786,785,1
227,212,1
227,216,1
227,220,1
227,222,1
1968,1926,0.0490833
216,212,1
216,215,1
1957,1954,0.821555
1957,1956,0.0227546
313,312,0.00263937
1978,1925,0.815738
1978,1944,0.818686
1978,1945,0.822812
1978,1970,0.158304
1978,1972,0.0266357
237,194,1
237,200,1
237,202,1
324,312,0.00351187
324,313,0.052404
324,320,0.00264046
324,321,0.203695
324,323,0.832646
2002,1703,0.0212139
2002,1705,0.187064
2002,1732,0.80393
2002,1995,0.0338176
2002,1997,0.0370328
2002,2001,0.0416068
261,254,0.631627
261,257,0.553705
261,259,1
1644,1624,1
1644,1634,0.0121883
1644,1642,1
768,726,1
768,767,1
997,953,1
997,957,1
997,994,1
997,996,1
174,170,0.802283
174,171,0.829022
174,173,1
1915,1673,0.808255
1915,1737,0.057299
1915,1741,0.0218705
1915,1853,0.429645
1915,1856,1
1915,1911,0.190519
311,310,0.033973
2052,2041,1
2052,2043,1
2052,2049,0.366581
2052,2050,0.362165
2052,2051,0.648528
1685,1684,0.00713515
1642,1620,0.802193
1642,1622,1
1642,1624,1
1642,1639,0.410705
1642,1641,1
1639,1620,1
1639,1638,1
770,654,1
770,655,1
770,769,1
207,153,0.801243
207,156,1
207,203,0.801281
207,204,1
1997,1995,0.46311
256,255,1
1638,1094,1
1638,1100,1
1638,1619,1
1638,1620,0.584343
956,952,1
956,953,1
956,955,1
215,208,1
215,211,1
215,212,1
215,213,1
215,214,1
1956,1946,0.813803
1956,1949,0.812366
1956,1951,0.816447
1956,1952,0.18099
1956,1954,0.101081
1103,1099,0.815554
1103,1102,0.355182
1926,1924,0.805705
1926,1925,0.805066
185,146,1
185,148,1
185,182,1
2000,1926,0.0258694
2000,1996,0.312078
2000,1998,0.0657871
259,244,1
259,248,1
259,250,1
259,252,1
259,254,1
1700,1682,0.00906033
1700,1689,0.095956
1700,1691,0.00401516
1700,1695,0.810808
1700,1699,0.80823
1637,1634,0.0478904
1637,1635,0.143869
1637,1636,0.0234129
1096,1088,0.0238072
1096,1095,0.0153443
726,724,1
726,725,1
774,771,1
774,772,1
774,773,1
226,225,1
1967,1666,0.804156
1967,1947,0.00375955
1967,1953,0.0228022
1967,1955,0.148382
994,950,1
994,951,1
994,953,1
994,983,1
994,993,1
171,169,1
171,170,1
1912,1738,0.446938
1912,1745,0.802673
1825,1822,0.808155
1825,1823,0.806816
84,83,0.0535684
179,177,1
179,178,1
1920,1815,0.802716
1920,1890,0.000714966
1920,1891,0.00598122
321,310,0.0140099
321,311,0.00435096
321,319,0.81105
321,320,0.00659481
1945,1937,0.017043
1945,1938,0.808832
1945,1941,0.00188618
1945,1944,0.123309
204,169,0.81076
204,203,0.284705
1944,1923,0.805556
1944,1925,0.811921
1944,1937,0.0269417
1944,1938,0.81109
203,153,0.813033
203,169,0.284145
1925,1923,0.0623149
1925,1924,0.814097
184,181,1
184,182,1
184,183,1
1634,1622,0.0220055
1634,1624,0.017247
1634,1633,0.837148
1624,1622,1
1097,1088,0.415758
1097,1090,1
1097,1094,1
1097,1096,0.817131
723,716,1
723,721,1
713,711,1
713,712,0.800468
1045,1042,0.0107805
1045,1044,0.814896
1824,1668,1
1824,1671,0.487337
1824,1821,1
1824,1823,0.479535
83,77,0.816075
83,82,1
178,177,1
1919,1918,0.0224404
2053,1609,1
2053,2049,0.154871
2053,2050,0.807385
2053,2051,0.817791
1095,1087,0.242816
1095,1088,0.305809
785,689,1
785,690,0.512327
785,783,1
1118,1099,0.291808
1118,1115,1
1118,1117,1
1941,1940,0.00366484
200,194,1
200,199,1
783,684,1
783,686,1
783,689,1
783,781,1
655,226,1
655,654,1
310,309,0.0861124
2051,1607,0.811741
2051,1608,1
2051,1609,1
2051,2040,0.222827
2051,2049,0.430823
1703,1697,1
2001,1697,0.805864
2001,1703,0.803641
2001,1705,1
2001,1988,0.0469074
2001,1995,0.0272333
2001,1997,0.017293
260,250,1
260,259,1
1682,1680,1
799,798,1
1622,1620,1
1622,1621,0.807392
797,785,1
797,787,1
797,796,1
1620,1617,1
1620,1618,1
1620,1619,1
781,684,1
781,686,1
781,772,1
781,774,1
1851,1668,0.165345
1851,1671,0.597928
1851,1821,0.277843
1851,1824,0.198135
1851,1847,0.801452
186,177,0.810353
186,179,0.809647
186,180,0.817469
186,183,0.117707
186,184,0.827434
319,309,0.00614097
319,310,0.0149334
1098,1096,0.809192
1098,1097,0.825528
782,774,1
782,781,1
1605,1604,0.200997
1115,1107,0.401075
1938,1923,0.815994
1938,1925,0.816135
1938,1937,0.0255955
197,187,0.816016
197,190,1
197,195,0.829968
197,196,0.244772
1101,1098,0.50405
1101,1100,1
1924,1922,0.11351
1924,1923,1
183,176,0.85832
183,177,0.804221
183,181,1
1998,1922,0.294803
1998,1924,0.483046
1998,1926,1
1998,1991,0.479572
257,254,1
257,255,1
257,256,1
1995,1988,0.0975241
1995,1992,0.805339
254,252,1
254,253,1
1635,1631,0.25674
1635,1633,0.818296
1635,1634,0.810146
796,690,1
796,702,0.833642
796,785,1
1619,1093,1
1619,1094,1
1619,1617,1
1619,1618,1
1917,1900,0.00167673
1917,1901,0.00228935
1917,1907,0.350346
1917,1910,0.00634075
1917,1914,0.764807
1917,1916,0.377212
176,137,0.221108
176,141,1
176,145,0.802199
176,175,0.80134
1094,1090,1
1094,1093,1
771,680,1
771,769,1
771,770,1
716,712,1
716,713,1
716,715,0.801858
1048,1006,1
1048,1007,1
1048,1008,1
1100,1094,0.81341
1100,1097,0.820178
1100,1098,0.807089
182,145,0.406918
182,146,1
182,148,1
182,181,0.459377
1088,1086,0.803336
1088,1087,1
767,720,1
767,725,1
767,726,1
767,762,1
724,721,0.843931
724,722,0.818175
724,723,1
711,709,0.82481
711,710,1
1636,1631,0.819851
1636,1633,0.807647
1636,1635,0.358494
710,702,0.34211
710,709,0.14694
1999,1988,0.0235012
1999,1992,0.255439
1999,1995,0.803582
1999,1997,0.813798
258,256,1
258,257,1
1698,1694,0.364352
1698,1695,0.346494
1633,1621,0.133004
1633,1622,0.0719809
1633,1624,0.125772
1633,1629,0.143599
1633,1631,0.173616
1633,1632,0.451946
1090,1086,0.645746
1090,1088,0.422181
1090,1089,0.425152
2050,2049,0.805107
1985,1940,0.807695
1985,1984,0.00612744
244,242,1
244,243,1
721,715,0.805565
721,716,1
1621,1616,0.0539824
1621,1618,0.284204
1621,1620,0.803748
951,948,1
951,949,1
951,950,1
128,77,0.023656
128,83,0.808858
128,84,0.820609
128,124,0.0466058
128,127,0.816705
1869,1828,0.802539
1869,1830,1
1869,1867,0.802505
699,672,1
699,698,0.457025
164,162,1
164,163,1
1905,1902,0.661958
1905,1903,0.811324
1708,1685,0.823141
1708,1687,0.807921
939,935,1
939,937,1
939,938,1
116,101,0.454115
116,102,0.808104
116,114,1
116,115,0.807458
1710,1708,0.0247966
1805,1778,0.803118
1805,1779,0.0483779
1805,1780,0.811559
63,62,0.809482
1804,1803,0.815012
698,671,0.823002
698,672,1
698,696,0.806626
698,697,0.8005
1747,1724,0.00136461
1747,1742,1
1747,1745,1
1747,1746,0.510918
6,5,1
1842,1841,0.746113
1711,1708,1
1711,1710,0.00968397
1806,1777,0.801116
1806,1779,0.80344
1806,1797,1
1806,1805,0.319889
44,30,0.00839468
44,31,0.023736
44,42,0.0163971
44,43,0.808134
1785,1760,1
1785,1762,1
1785,1782,1
1674,1664,0.832087
1674,1665,0.824517
851,723,1
851,724,1
851,726,1
851,850,1
28,24,0.0374892
28,27,0.829727
1769,1663,0.213323
1769,1665,0.841545
1769,1674,1
1769,1766,0.0944595
847,843,0.15984
847,845,0.0511895
847,846,0.0700929
24,20,1
24,21,1
24,23,1
1765,1662,1
1765,1663,1
1765,1755,0.828545
1765,1756,0.809474
844,798,1
844,799,1
844,843,0.0368229
21,19,1
21,20,1
1762,1759,0.800385
1762,1760,1
1762,1761,0.804868
682,675,0.178132
682,679,0.464663
1091,21,1
1091,24,1
1091,1083,1
1091,1084,1
678,673,1
678,674,1
678,675,1
678,676,1
678,677,1
1087,1078,1
1087,1086,0.803101
980,977,1
980,978,1
980,979,1
157,154,1
157,155,1
157,156,1
1898,1833,1
1898,1834,1
1898,1844,1
1898,1855,0.803733
61,53,1
1802,1776,0.0190157
1802,1799,0.117075
1802,1801,0.814841
853,841,0.516733
853,850,1
853,851,1
853,852,0.543839
30,29,0.811425
1771,1763,1
1771,1767,0.805164
1664,1656,0.428407
1664,1658,0.0963835
1664,1661,1
841,838,1
841,839,0.51617
841,840,0.187672
18,13,0.453912
1759,1128,0.491096
1759,1129,0.145082
1759,1757,1
946,917,0.483263
946,943,1
946,945,1
123,121,0.662712
1864,1779,0.805036
1864,1780,0.802271
1864,1863,1
1689,1682,0.00894209
43,35,0.0597242
43,42,0.0854699
1784,1782,1
1784,1783,1
148,146,0.556012
1889,1776,0.182235
1889,1802,0.381354
1889,1888,0.490132
745,736,0.457435
745,737,0.648013
745,741,1
745,742,1
985,893,1
985,894,0.44118
985,979,1
985,980,1
162,155,1
162,157,1
162,161,1
1903,1896,0.25248
1903,1902,0.225442
750,740,0.243636
750,746,0.151653
750,749,0.822777
153,152,1
1894,1720,1
1894,1722,1
742,733,0.815344
742,735,1
742,741,1
968,961,0.436653
968,966,1
145,140,0.405711
145,141,0.807997
145,143,1
1886,1770,0.25526
1886,1775,0.204413
676,651,1
676,652,1
676,673,1
1085,1072,0.803799
1085,1077,1
1085,1078,1
1085,1081,0.803123
1085,1082,0.429503
1699,1689,0.802971
1699,1695,0.816868
1699,1698,0.332051
53,41,0.0194356
53,50,0.800348
1794,1790,1
1794,1792,1
1794,1793,1
937,935,1
937,936,1
114,101,0.802294
114,111,0.114867
1855,1833,0.804194
1855,1852,1
1855,1853,0.491176
731,705,0.650127
731,706,1
731,707,1
731,730,1
988,985,1
988,986,1
988,987,1
165,159,1
165,163,1
165,164,1
1906,1844,0.348489
1906,1898,1
949,945,1
949,948,1
126,91,0.811686
126,92,0.812521
126,93,0.438274
126,104,0.80842
126,123,0.0187621
126,125,0.00808755
1867,1820,0.809439
1867,1828,0.825008
1867,1861,0.0777448
1867,1862,0.0753897
940,933,1
940,938,1
940,939,1
117,99,0.805732
117,101,0.0269711
117,106,0.806342
117,111,0.0928046
117,113,0.314283
117,114,0.0508251
1858,1819,0.80245
1858,1831,0.803233
1858,1832,0.69365
1858,1837,1
1858,1839,1
1665,1661,1
1665,1663,0.108291
1665,1664,1
842,798,0.0339682
842,833,0.037168
842,836,0.847382
842,837,0.827608
19,13,1
19,16,0.80368
19,17,1
19,18,0.333764
1760,1759,0.800546
1720,1719,1
74,73,1
1815,1804,1
1815,1811,0.00263305
1069,11,1
1069,13,0.807566
1069,1066,1
1069,1068,0.42278
671,667,1
671,668,1
671,669,1
1080,18,0.819695
1080,1079,0.80498
989,986,1
989,988,1
166,159,1
166,160,1
166,165,1
1907,1896,0.00394314
1907,1901,0.00336555
1907,1903,0.00187253
979,892,1
979,893,1
979,977,1
156,152,0.801214
156,153,0.801344
156,154,1
1897,1722,1
1897,1724,0.478921
1897,1894,0.588753
1741,1672,0.0250985
1741,1673,0.0118668
1741,1736,0.346228
1741,1737,0.807893
1741,1739,0.80843
95,91,0.0136417
95,94,0.80434
1836,1835,0.2183
918,903,1
1687,1683,0.263671
1687,1684,0.818367
1687,1685,0.810033
41,38,0.801842
41,40,0.0530494
1782,1760,1
1782,1781,0.802431
854,726,0.65981
854,768,1
854,851,1
854,853,1
31,28,0.822233
31,29,0.18547
31,30,0.0414535
1772,1771,1
1677,70,0.805364
1677,1675,0.0232325
836,797,1
836,833,1
836,834,1
13,10,0.791873
13,11,1
13,12,1
1754,1752,0.141841
950,940,1
950,941,1
950,948,1
127,124,0.0261631
1868,1862,0.126641
1868,1865,0.187124
1868,1867,0.054592
1746,1727,0.401152
1746,1734,0.806292
1746,1740,0.243304
1746,1742,0.199151
5,4,0.410847
100,95,0.0139595
100,96,0.0164808
100,97,0.812678
100,99,0.139154
1841,1840,1
923,3,0.536321
923,4,1
923,5,1
923,921,1
923,922,1
150,142,1
150,144,1
150,146,1
150,147,1
150,148,1
150,149,0.11565
1891,1801,0.351244
1891,1811,1
1891,1815,0.01272
1891,1890,0.449846
694,665,1
694,666,1
694,668,1
694,693,1
92,91,0.814691
915,912,0.661622
915,913,0.286134
675,674,0.493872
1084,1080,0.4688
1084,1082,1
1084,1083,1
1695,1680,0.0286755
1695,1681,0.0206839
1695,1682,0.0104275
1695,1689,0.190855
1695,1694,0.0736754
49,38,0.00575554
49,47,0.730872
49,48,0.800762
1790,1783,0.334841
1790,1784,0.514328
1790,1786,1
1790,1789,1
42,26,0.816594
42,29,0.829855
42,30,0.804959
42,34,0.810708
42,35,1
1783,1147,0.801417
1783,1148,0.80924
1783,1149,1
1783,1781,0.805226
1783,1782,1
850,723,1
850,838,0.221685
850,840,0.83774
850,841,0.428804
27,22,0.0647735
27,23,0.0237238
27,24,0.0537157
27,25,0.829991
27,26,0.820275
1768,1765,0.812129
1768,1766,0.808018
846,837,1
846,839,1
846,842,0.830876
846,843,0.812631
23,15,0.805448
23,20,1
23,21,0.76579
23,22,1
1764,1761,0.804985
1764,1762,1
1764,1763,0.815596
843,798,0.0298666
843,842,1
20,15,1
20,17,1
20,19,1
1761,1752,0.508726
1761,1754,0.3914
1761,1757,1
1761,1759,1
1761,1760,0.803227
1657,1637,0.34826
1657,1654,0.82337
834,702,0.847715
834,796,1
834,797,1
11,7,1
11,9,1
11,10,1
1752,1749,1
1752,1750,1
1752,1751,1
1743,1730,0.816357
1743,1735,0.0215207
2,1,0.0978108
97,91,0.0139688
97,94,0.818641
97,95,0.187548
97,96,0.805281
1838,1832,1
1838,1837,1
920,1,0.63154
920,2,0.800281
920,3,0.800369
969,966,1
969,967,1
969,968,1
146,143,1
146,144,1
146,145,1
1887,1772,0.558946
1887,1775,1
1887,1886,1
732,728,1
732,730,1
732,731,1
964,956,1
964,957,1
964,962,1
141,136,0.840578
141,137,0.82871
141,140,0.453127
1882,1803,1
1882,1807,0.0644196
1882,1814,1
1882,1876,0.805424
1882,1878,0.226162
1705,1703,0.0512731
59,55,0.185511
59,58,0.801968
1800,1787,1
1800,1788,1
1800,1798,1
1800,1799,0.811569
978,937,1
978,939,1
978,977,1
155,154,1
1896,1895,1
1704,1698,1
1704,1699,0.416502
1704,1700,0.809856
1704,1701,1
1799,1774,0.337711
1799,1776,0.279606
1799,1798,0.80679
962,955,1
962,956,1
962,959,1
962,960,0.444274
139,137,0.801211
139,138,1
1880,1803,0.806406
1880,1842,0.801429
1880,1879,0.810234
736,729,0.813951
977,768,1
977,892,1
977,936,1
977,937,1
154,152,0.800959
1895,1894,0.819132
1719,1717,0.23302
73,55,0.317254
73,56,0.00528386
73,59,0.203276
1814,1803,1
1814,1804,0.805243
670,669,1
1079,13,0.31543
1079,18,0.814663
1079,1071,0.141697
1079,1072,0.411398
1063,922,1
1063,923,0.801816
1063,1062,0.800732
654,223,1
654,224,1
654,225,1
654,226,1
654,653,1
665,664,1
251,218,1
251,228,1
251,233,1
251,242,1
1992,1987,0.0858683
1992,1988,0.82989
1992,1989,0.809913
1992,1990,0.0415714
1074,1068,0.800539
1074,1070,0.800695
1074,1073,0.130916
1072,1070,1
1072,1071,0.437562
673,651,1
1082,1080,0.380949
1082,1081,1
651,160,1
983,941,1
983,950,1
983,981,1
160,159,1
1901,1899,0.354533
1901,1900,0.803982
986,980,1
986,982,1
986,984,1
986,985,1
163,159,1
163,161,1
163,162,1
1904,1842,1
1723,1716,0.325355
1723,1721,1
900,743,0.0210241
77,73,0.806419
77,75,0.813102
674,673,0.530952
1083,18,0.805714
1083,19,0.496405
1083,21,1
1083,1080,1
1734,1727,0.265281
1734,1732,0.0876424
911,909,0.379674
911,910,0.315387
88,71,0.00251439
88,72,0.0047203
88,86,0.811453
88,87,0.800995
1829,1822,0.816631
1829,1825,0.815453
1829,1827,0.515049
1829,1828,0.326418
1751,1127,1
1751,1128,0.399845
1751,1749,0.8039
10,7,1
105,93,0.809888
105,104,0.746041
1846,1841,1
1846,1842,0.414036
1846,1844,1
1846,1845,0.801449
928,719,0.800689
928,762,1
928,926,1
928,927,1
982,978,1
982,980,1
982,981,1
1900,1724,0.179862
1900,1897,0.263809
1900,1899,0.297511
913,910,0.408574
913,911,0.816276
913,912,0.382874
90,84,0.80303
90,85,0.0853375
90,89,0.808829
1831,1819,0.808605
1831,1821,1
1831,1822,0.80936
1831,1827,0.80937
935,929,1
935,934,1
112,98,0.803865
112,99,0.805569
112,110,0.073555
1853,1852,0.366551
1661,1656,0.229
1661,1660,0.116761
838,713,0.246058
838,834,0.852307
838,835,1
838,837,0.84009
15,14,0.338952
1756,1752,0.0432462
1756,1753,0.0244832
1756,1754,0.829511
1756,1755,0.208345
669,667,1
1078,1076,1
1078,1077,1
749,745,0.387501
749,746,1
749,747,0.288827
749,748,1
1893,1674,0.294313
1893,1769,0.393958
1893,1770,0.255817
1893,1886,1
652,160,1
652,166,1
652,168,1
652,651,1
1701,1700,0.812984
1796,1794,0.399741
1796,1795,0.800349
730,705,1
730,706,1
730,728,1
1697,1696,0.0535639
51,48,0.801869
1792,1789,1
1792,1790,1
1792,1791,1
942,912,1
942,915,1
942,932,1
942,933,1
119,56,0.0165013
119,75,0.443561
1860,1777,0.802624
1860,1797,0.802179
1860,1859,0.786589
845,798,1
845,843,0.0413357
845,844,1
1668,1666,0.804996
22,15,0.487035
1763,1754,0.809252
1763,1761,0.804872
1763,1762,1
741,729,1
741,733,1
741,735,1
741,736,1
967,965,1
967,966,1
144,143,1
921,3,0.470326
921,920,0.0176094
98,94,0.00703582
98,96,0.007066
1839,1818,0.801363
1839,1819,0.804488
1839,1835,1
1839,1837,1
1839,1838,1
1739,1672,0.812869
1739,1726,0.809392
1739,1736,0.0164866
1834,1833,0.476333
916,913,0.0277901
916,914,0.449422
916,915,0.327556
1647,1641,0.339059
1647,1643,1
1647,1646,1
1742,1738,0.806418
984,981,1
984,982,1
984,983,1
161,155,1
1902,1895,1
1902,1896,1
981,939,1
981,941,1
981,978,1
158,142,1
158,149,0.0451199
158,151,0.0878009
1899,1894,1
1899,1895,0.807863
1899,1896,0.816258
1899,1897,1
966,961,0.243757
966,963,1
966,965,1
143,136,0.805455
143,140,0.476698
143,141,1
740,738,0.419107
740,739,0.805369
239,214,1
239,235,1
239,236,1
1980,115,0.310123
1980,1928,0.0660205
1062,5,1
1062,8,1
1062,922,1
1062,923,1
653,166,0.471142
653,168,1
653,224,1
653,652,1
664,663,0.803094
1073,1064,0.816727
1073,1067,0.808577
1073,1068,1
744,717,1
744,743,0.805463
970,968,0.433145
970,969,0.248074
147,142,0.8122
147,144,1
1888,1772,1
1888,1776,0.807549
1888,1887,1
729,728,1
666,665,1
1075,1070,1
1075,1072,1
1075,1074,0.808426
1066,9,1
1066,11,1
1066,1065,0.788366
668,666,1
668,667,1
1077,1070,1
1077,1072,1
1077,1075,0.368196
1077,1076,1
1892,1811,0.0108831
1892,1813,0.00162559
1892,1815,0.402865
1892,1817,0.326428
1892,1891,0.012554
959,954,0.516531
959,955,1
959,956,1
959,958,0.806983
733,728,0.428892
733,729,0.305468
733,732,1
737,736,1
963,960,1
963,961,0.233563
963,962,1
140,136,0.811084
140,137,0.803668
1732,1705,0.00762784
1732,1727,0.228765
909,901,0.811063
909,902,0.818923
909,906,0.0939721
86,67,0.00275963
86,71,0.00109716
86,72,0.00296875
86,81,0.307568
1827,1819,0.809736
1827,1820,0.815579
1827,1822,0.828205
705,670,1
1109,1104,0.808284
1109,1106,0.816417
1109,1108,0.814844
849,847,0.845838
849,848,1
26,25,1
1767,1754,0.817607
1767,1755,0.812568
1767,1756,0.807059
1767,1763,1
1767,1765,1
242,217,1
242,218,1
242,241,1
1065,8,1
1065,9,1
1065,1062,1
1065,1063,1
253,228,1
253,230,1
253,233,1
253,251,1
253,252,1
1076,1074,0.818488
1076,1075,0.807961
1702,1691,0.01377
1702,1700,0.815727
1702,1701,0.808087
56,55,0.80702
1797,1777,0.372782
1692,84,0.415647
1692,90,0.132942
941,939,1
941,940,1
1859,1818,1
1859,1835,0.80365
739,737,1
739,738,0.447721
965,962,1
965,963,1
965,964,1
1883,1807,0.110241
1883,1809,0.345409
1883,1814,1
1883,1816,0.803665
1883,1882,0.521272
692,664,0.800426
692,691,0.1923
735,732,1
735,733,0.833908
735,734,1
961,960,0.834314
138,136,0.815005
138,137,0.816639
1879,1803,0.813613
1879,1841,1
1879,1842,0.801982
1879,1876,1
1726,1669,1
1726,1672,0.806521
80,74,0.80405
80,78,0.806471
903,738,0.490287
908,906,1
908,907,1
1724,1721,1
1724,1722,0.390881
1724,1723,0.80091
78,55,0.051939
78,58,0.0537218
78,59,0.0449453
78,73,0.457726
78,74,1
1819,1818,0.515564
901,900,0.800399
1729,1702,0.806551
1729,1706,0.808663
1729,1715,0.00488345
1729,1728,0.80549
906,901,1
906,905,0.800379
948,933,1
948,940,1
948,944,1
948,945,1
125,92,0.00636427
125,118,0.0055206
125,120,0.391174
125,121,0.455144
125,123,0.391579
1866,1864,0.804169
1866,1865,1
1766,1663,1
1766,1765,1
25,22,0.0796703
120,92,0.00583506
120,118,0.805328
1861,1818,0.800968
1861,1820,0.00802093
1861,1859,0.80058
1861,1860,0.00177684
943,915,1
943,917,0.4576
943,942,1
79,65,0.00176938
1820,1818,0.0830166
1820,1819,0.808583
902,901,0.118805
1648,1103,0.805766
1648,1126,1
696,668,1
696,671,1
696,694,1
696,695,1
1745,1738,0.186128
1745,1742,0.51454
4,3,1
922,921,0.264852
99,96,0.00732989
99,98,0.169815
1840,1835,0.319556
1840,1836,0.803633
1840,1837,0.803335
1840,1838,1
1840,1839,0.625233
1649,1102,0.810187
1649,1103,1
1649,1646,1
1649,1647,1
1649,1648,1
3,2,1
1650,1643,1
1650,1647,1
1650,1649,1
1651,1649,1
1651,1650,1
1652,1643,1
1652,1645,1
1652,1650,1
1652,1651,1
1653,1650,1
1653,1651,1
1653,1652,1
7,6,1
833,787,1
833,793,1
833,797,1
1656,1654,0.818547
1656,1655,0.800372
1658,1654,0.814306
1658,1656,0.80781
1658,1657,0.833515
835,710,0.497438
835,711,0.269994
835,834,0.834014
12,10,1
1753,1651,1
1753,1653,1
1753,1750,1
1753,1752,1
1740,1725,1
1740,1727,1
1740,1738,0.801608
917,915,0.488073
917,916,0.809449
1835,1818,0.802857
691,663,0.801993
691,664,0.800718
1662,1652,0.800565
1662,1653,0.80104
1662,1660,1
839,837,1
839,838,0.83544
16,12,0.457744
16,13,0.814729
16,14,0.419816
1757,1127,1
1757,1128,1
1757,1751,1
1757,1752,1
1660,1645,1
1660,1652,0.808109
1660,1655,0.0924007
1660,1656,0.00276565
837,834,1
837,836,1
1755,1653,1
1755,1662,0.800928
1755,1753,0.443245
1730,1715,0.0459304
1730,1729,0.034798
907,743,0.803598
907,744,0.808239
907,761,1
907,905,0.396909
907,906,1
1735,1728,0.811869
1735,1729,0.155824
1735,1730,0.0143589
912,910,1
89,82,0.0160056
89,83,0.0307266
89,84,0.807624
89,85,0.468531
1830,1828,0.732814
1830,1829,0.399967
934,762,1
934,767,1
934,928,1
934,929,1
929,927,1
929,928,1
848,839,1
848,846,1
848,847,0.841171
1671,1666,0.111503
1671,1668,0.384658
945,942,1
945,943,1
945,944,1
122,75,0.608231
122,77,0.00780787
122,119,0.689046
1863,1777,0.801296
1863,1779,0.808106
1863,1860,0.814062
1863,1862,0.714983
857,852,0.488581
857,856,1
34,26,0.199113
1775,1768,0.243349
1775,1770,1
1775,1771,1
1775,1772,1
860,855,0.441695
860,857,1
1683,1677,0.806981
37,33,0.226896
856,848,1
856,852,0.80807
1774,1772,0.81788
1774,1773,1
1694,1681,0.000919221
1694,1693,0.806254
48,38,0.0426571
48,47,0.00142406
1789,1149,0.301632
1789,1150,0.151535
1789,1783,0.259049
1663,1660,1
1663,1661,0.13163
1663,1662,1
840,713,0.210442
840,716,0.29819
840,723,0.801034
840,838,0.117531
17,14,0.802993
17,15,1
17,16,1
693,664,1
693,665,1
693,692,0.011386
96,94,0.808459
96,95,0.812779
1837,1832,1
1737,1736,0.804722
1832,1831,1
914,913,0.0229949
861,857,1
861,859,1
861,860,1
1684,1683,0.0164127
38,33,0.0595117
38,37,0.00438074
1779,1777,0.802483
936,767,1
936,768,1
936,934,1
936,935,1
113,99,0.811561
113,106,0.806741
113,110,1
113,111,1
113,112,0.231155
734,731,1
734,732,1
960,959,0.590082
137,136,0.823987
1878,1807,0.502977
1878,1875,0.440074
1878,1876,1
40,33,0.801723
40,37,1
40,38,0.00396573
1781,1129,0.210242
1781,1147,0.377773
1781,1148,0.65388
1781,1759,1
1781,1760,0.800419
706,670,1
706,672,1
706,699,1
706,705,1
1728,1706,1
82,73,0.807591
82,74,0.803834
82,75,0.803467
82,77,0.806974
1823,1667,0.805803
1823,1668,1
905,743,1
905,900,0.802892
905,901,1
910,906,1
910,908,1
910,909,0.137959
87,86,0.801534
1828,1820,0.808763
1828,1827,0.361634
1654,1634,0.134515
1654,1637,0.825404
1654,1644,0.00230695
8,5,0.804629
8,6,1
8,7,1
1749,1126,0.291721
1749,1127,1
1749,1648,0.53302
1655,1644,0.157431
1655,1645,0.250188
1655,1654,0.0786861
9,6,1
9,7,1
9,8,1
1750,1648,1
1750,1649,0.800424
1750,1651,0.800627
1750,1749,0.4956
672,669,1
672,670,1
672,671,1
1081,1072,1
1081,1077,1
1081,1079,0.177226
1081,1080,1
1721,1713,0.507142
1721,1716,0.256685
1721,1717,0.492788
1721,1719,0.406599
75,55,0.0184839
75,56,0.0211681
75,73,0.805781
1816,1809,1
1816,1814,1
944,933,1
944,940,1
944,942,1
944,943,1
121,118,0.0116003
121,120,0.0883939
1862,1860,0.803896
1862,1861,0.352584
746,737,1
746,739,0.823259
746,740,0.805502
746,745,0.300821
972,969,1
972,970,0.151298
149,142,0.0304349
149,148,0.297136
1890,1801,0.691647
1890,1802,0.812731
1890,1889,0.817524
954,946,1
131,93,0.00599311
131,123,1
131,126,0.0131911
1872,1866,0.800529
1872,1871,0.184288
679,675,1
679,678,1
695,693,1
695,694,1
181,145,1
181,146,1
181,176,0.803077
707,699,1
707,706,1
1934,1927,1
1934,1932,1
193,189,0.800295
193,190,1
193,191,1
193,192,1
747,741,0.803807
747,742,0.807078
747,745,0.808877
761,717,0.304829
761,719,1
761,744,1
1988,1697,0.0628312
1988,1987,0.812959
247,243,1
247,244,1
247,245,1
247,246,1
1071,13,0.812099
1071,18,0.109471
1071,1069,0.810178
1071,1070,1
1727,1725,1
904,738,0.103588
904,740,0.0381761
904,750,0.290759
904,903,0.299481
81,65,0.00190321
81,67,0.00140203
1822,1821,0.818845
930,908,1
930,910,1
930,912,1
930,927,1
102,101,0.372414
1843,1832,1
1843,1833,1
1843,1834,0.437181
1843,1838,1
1843,1840,1
932,912,1
932,915,1
932,930,1
932,931,1
109,97,0.517973
109,103,0.00625239
109,105,0.0158746
109,107,0.813999
109,108,0.811039
104,91,0.815123
104,93,0.809116
104,97,0.0106686
1845,1834,0.320402
1845,1841,0.802059
1845,1843,0.0501443
1845,1844,0.802007
927,908,1
927,926,1
998,996,1
998,997,1
175,137,0.80175
1916,1724,0.00164917
1916,1745,0.152069
1916,1747,0.339328
1916,1900,0.000336603
991,982,1
991,984,1
991,986,1
991,989,1
168,164,1
168,165,1
168,166,1
168,167,1
1909,1903,0.00117796
1909,1905,0.00216871
1909,1907,0.807654
1067,1062,0.534717
1067,1063,0.367874
1067,1064,0.294847
1067,1065,1
1068,1065,1
1068,1066,1
1068,1067,0.800767
855,853,1
855,854,1
32,28,0.8369
32,31,0.81574
1773,1763,1
1773,1764,1
1773,1771,0.808199
1773,1772,0.820261
1691,1689,0.803438
45,31,0.0276031
45,32,1
45,44,0.815625
1786,1782,0.45504
1786,1784,1
1786,1785,1
858,848,1
858,849,1
858,856,1
858,857,1
35,34,0.815697
1776,1772,0.804873
1776,1774,1
1681,72,0.0154108
1681,88,0.00276328
1681,1680,0.809385
748,745,1
748,747,1
1713,1711,0.803388
67,65,0.800401
1042,1006,0.808684
1042,1041,0.190157
219,157,1
219,162,1
219,164,1
219,210,1
219,212,1
1960,1921,0.809487
1960,1948,0.0256251
1960,1958,0.8049
753,707,1
753,708,1
753,731,1
753,734,1
787,785,1
787,786,1
1610,24,1
1610,28,0.0502702
1610,32,0.0265925
1610,1091,1
1714,1687,0.697036
1714,1708,0.80744
1714,1710,1
1714,1711,0.807622
1714,1713,1
68,62,0.00653022
68,63,0.00518443
931,927,1
931,928,1
931,929,1
931,930,1
108,101,0.649255
108,102,0.36732
108,106,0.148263
108,107,0.356772
1849,1821,0.5857
1849,1831,0.334371
1849,1832,0.802762
1849,1847,1
1849,1848,0.0018248
103,97,0.803471
103,99,0.0361387
103,100,0.816162
1844,1834,1
926,719,1
926,761,1
926,762,1
926,907,1
926,908,1
938,929,1
938,931,1
938,933,1
938,935,1
115,102,0.811331
1856,1673,0.80509
1856,1852,0.326586
1856,1853,1
933,931,1
933,932,1
683,679,1
683,681,1
683,682,0.355097
1092,1084,1
1092,1089,1
685,682,1
685,683,1
752,748,0.0309636
752,749,0.0531923
756,734,1
756,735,1
756,742,1
756,755,1
1070,1066,1
1070,1068,1
1070,1069,1
788,773,1
788,774,1
788,777,1
788,778,1
788,780,1
788,782,1
1611,32,0.0207227
1611,1610,0.231234
1625,32,0.0248073
1625,45,0.033234
1625,1614,0.0545707
955,946,1
955,947,1
955,952,1
955,954,1
132,93,0.0811387
132,104,0.810171
132,105,0.808715
132,131,0.166061
1873,1870,0.110134
1873,1871,0.186225
1873,1872,0.049836
999,991,1
999,992,1
999,995,1
167,164,1
167,165,1
1908,1842,1
1908,1844,0.802305
1908,1846,0.813215
1908,1904,1
677,652,1
677,653,0.459575
677,654,1
677,676,1
1086,1077,0.337624
1086,1078,0.439055
1086,1085,0.255196
697,695,0.35875
697,696,1
755,734,1
755,735,1
755,753,1
336,331,0.0804793
336,332,0.807012
336,335,0.0104211
1982,1928,0.805594
1982,1930,0.804178
1982,1939,0.8046
1982,1980,0.801308
241,214,1
241,217,1
241,218,1
241,235,1
241,239,1
953,949,1
953,951,1
953,952,1
130,83,0.29086
130,84,0.0353491
130,127,0.822557
130,128,0.808042
130,129,0.817364
1871,1865,0.695927
1871,1866,1
1871,1868,0.803517
1871,1870,1
952,945,1
952,947,1
952,949,1
129,127,0.814446
1870,1867,0.801828
1870,1868,0.801825
1870,1869,1
1770,1766,1
1770,1768,0.296968
1770,1769,0.21118
29,25,0.816605
29,26,0.850924
29,27,1
29,28,1
124,75,0.806634
124,77,0.0072767
124,122,0.811923
1865,1860,0.80124
1865,1862,1
1865,1863,1
1865,1864,0.802436
947,945,1
947,946,1
958,954,0.811229
135,93,1
135,104,0.820355
135,105,0.814481
135,132,0.267768
1876,1803,0.803114
1876,1836,1
1876,1841,0.813492
1876,1875,0.478069
1005,957,1
1005,964,1
1005,997,1
700,697,0.817751
700,698,1
719,717,0.807882
1064,1063,0.0783852
791,789,1
791,790,1
1614,32,0.231136
1614,1611,0.820966
1614,1613,0.488196
1044,965,1
1044,967,1
1044,1041,1
1044,1042,0.402134
221,164,1
221,167,1
221,219,1
221,220,1
1962,1946,0.811566
1962,1951,0.813588
1962,1959,0.805431
1962,1961,0.81534
701,698,1
701,699,0.420788
701,700,1
1928,102,0.145164
1928,115,0.107891
759,742,1
759,747,1
759,756,1
759,758,1
1986,129,0.0179682
1986,130,0.812904
245,194,1
245,237,1
245,240,1
245,243,1
765,747,0.134753
765,748,0.317367
765,752,0.125154
765,763,0.470219
1627,1625,0.820637
1627,1626,1
893,855,1
893,860,0.30578
893,892,1
1716,1713,1
1716,1714,0.808172
70,68,0.0172894
1811,1801,0.296629
1811,1810,0.269058
894,860,1
894,861,1
894,893,0.252181
1717,1710,0.804686
1717,1711,0.0320548
1717,1713,1
71,67,0.00521696
1812,1796,0.44418
1812,1810,0.363271
1812,1811,0.80066
1936,108,0.8086
1936,109,0.675404
1936,1927,0.436944
1936,1929,0.194597
1936,1932,0.219667
195,187,0.836664
195,188,0.810551
195,190,0.850824
1106,1104,1
1106,1105,0.158967
1929,102,0.524395
1929,108,0.675517
1929,1927,0.812018
1929,1928,0.820267
681,678,1
681,679,1
681,680,1
687,685,1
687,686,1
708,699,1
708,701,1
708,704,1
708,707,1
1935,1922,0.504435
1935,1932,0.819993
1935,1933,0.0922444
1935,1934,0.504074
194,192,1
194,193,1
680,677,1
680,678,1
1089,1082,1
1089,1084,1
1089,1085,1
1089,1086,0.37797
763,747,0.405173
763,759,1
1990,130,0.807369
1990,1986,0.813054
1990,1987,0.0107786
1990,1989,0.809758
249,246,1
249,247,1
789,780,1
1612,1084,1
1612,1091,1
1612,1092,1
1612,1610,1
1612,1611,0.125657
1715,1702,0.0108694
892,768,1
892,854,1
892,855,1
1810,1788,0.809156
1810,1795,0.814974
1810,1796,1
1810,1800,0.811812
1810,1801,1
754,707,1
754,708,1
754,714,1
754,753,1
790,780,1
790,782,1
790,784,1
790,788,1
790,789,1
1613,1611,0.808439
1613,1612,0.467217
1630,1627,0.107563
1630,1628,0.805918
72,71,0.805088
1813,1811,1
1813,1812,1
1910,1896,0.00661656
1910,1899,0.0147687
1910,1901,0.00802849
1910,1903,0.0213427
1910,1907,0.0101808
1910,1909,0.0180103
757,753,0.563171
757,754,1
757,755,1
1984,1939,0.808869
1984,1940,0.0225861
1984,1982,0.810299
243,239,1
243,240,1
243,241,1
243,242,1
758,755,1
758,756,1
758,757,1
720,717,0.805786
720,718,0.80347
720,719,1
1626,1614,0.828368
1626,1616,1
1626,1625,0.834599
1628,1626,0.0326781
1628,1627,0.011563
852,839,1
852,841,1
852,848,0.805499
1675,70,0.803439
1989,1986,0.813363
248,244,1
248,247,1
762,719,1
762,720,1
762,725,1
1107,1105,0.35673
1107,1106,0.817824
703,700,0.0132429
2055,2043,1
2055,2048,0.278485
2055,2052,1
1047,1044,0.811184
1047,1045,0.805344
1047,1046,0.820255
224,167,1
224,168,1
224,223,1
718,717,0.807277
1993,84,0.026111
1993,130,1
1993,1692,0.0846172
1993,1696,0.101639
1993,1697,0.40326
1993,1987,0.806697
1993,1988,0.817183
252,242,1
252,244,1
252,251,1
1987,130,0.00904238
246,237,1
246,238,1
246,245,1
760,758,1
760,759,1
2003,135,1
2003,1922,1
2003,1933,0.808732
2003,1935,1
2003,1991,1
262,259,1
262,260,1
262,261,1
684,681,1
684,683,1
1093,1084,1
1093,1089,1
1093,1090,1
1093,1092,1
1000,995,1
1000,996,1
1000,998,1
1000,999,1
177,175,1
177,176,0.803903
1918,1905,1
1918,1909,0.00977383
1046,967,0.265878
1046,969,0.20327
1046,972,0.459285
1046,1044,0.323494
686,683,1
686,684,1
686,685,1
688,687,0.450211
704,700,1
704,701,1
704,703,0.814832
1108,1106,0.82061
1108,1107,1
1931,1927,0.805862
1931,1929,0.807915
1931,1930,0.00511506
190,188,0.8148
190,189,1
764,759,0.307844
764,760,0.190848
764,763,0.420118
1991,1922,1
1991,1935,0.586197
250,247,1
250,248,1
250,249,1
793,787,1
793,792,1
1616,1613,0.832925
1616,1614,0.815965
47,38,0.00185003
1788,1786,1
1788,1787,0.8429
1693,87,0.00613358
1693,88,0.01646
1693,1680,0.00202479
1693,1681,0.00172451
1961,1946,0.81176
1961,1948,0.0295885
1961,1949,0.810852
1961,1958,0.101915
1961,1959,0.806079
1961,1960,0.110658
220,212,1
220,219,1
315,309,0.812748
315,314,0.00472752
2056,1873,0.0119641
2056,2043,0.377493
2056,2044,0.0888679
2056,2048,0.467063
2056,2055,0.288719
1116,1107,0.543681
1116,1108,1
1116,1115,1
1939,1930,0.036531
1939,1931,0.00283388
198,196,0.237682
198,197,1
712,709,0.801109
712,711,1
1006,998,0.603479
1006,1005,1
769,224,1
769,653,0.502134
769,654,1
769,655,1
769,677,1
769,680,1
714,704,0.504172
714,708,1
794,790,1
794,791,1
794,792,1
794,793,1
1617,1092,1
1617,1093,1
1617,1094,1
1617,1612,1
1617,1613,1
1629,1626,0.624467
1629,1628,0.816282
1631,1628,0.817421
1631,1629,1
1631,1630,0.810599
50,38,0.80258
50,40,0.00367257
50,41,0.307282
50,47,0.000615732
50,49,0.00591469
1791,1150,0.148765
1791,1550,1
1791,1789,1
1696,1692,0.808506
1007,998,1
1007,1003,1
1007,1004,1
1007,1006,1
689,686,1
689,687,1
689,688,0.378057
795,793,0.829097
795,794,0.800931
1618,1613,0.639863
1618,1616,0.526181
1618,1617,1
1632,1616,0.278317
1632,1621,0.0843
1632,1622,0.186007
1632,1626,0.246459
1632,1629,1
1937,1927,0.807234
1937,1931,0.806167
196,187,0.832249
196,195,0.0411828
316,309,0.00985374
316,315,0.0103975
2057,2052,0.618046
2057,2055,1
725,720,1
725,721,0.824461
725,722,0.812822
725,724,1
772,680,1
772,681,1
772,684,1
772,771,1
715,712,0.126199
1119,1117,1
1119,1118,1
1942,1923,0.803889
1942,1927,0.0131592
1942,1934,0.806831
1942,1937,0.0317365
1942,1938,1
201,196,0.184013
201,197,1
201,198,1
201,199,1
201,200,1
722,715,0.415794
722,718,0.00521606
722,720,0.800327
722,721,0.805309
1943,1922,0.166528
1943,1923,1
1943,1924,1
1943,1934,1
1943,1935,0.500129
1943,1942,0.806445
202,198,1
202,200,1
202,201,1
1117,1107,0.489789
1117,1115,1
1117,1116,1
1940,1931,0.808053
1940,1937,0.809406
1940,1939,0.00596081
199,190,1
199,193,1
199,194,1
199,197,1
690,688,0.835743
690,689,1
2035,2016,1
2035,2019,1
2035,2028,1
2035,2031,1
294,266,1
294,293,1
658,256,1
658,657,1
802,658,1
802,776,1
802,779,1
802,800,1
803,779,1
803,780,1
803,789,1
803,802,1
859,857,1
859,858,1
1913,1853,0.483344
1913,1855,1
1913,1906,0.801092
1913,1911,0.0189701
813,780,1
813,789,1
813,791,1
813,803,1
987,894,1
987,895,1
987,985,1
992,989,1
992,990,1
992,991,1
2022,1825,0.130851
2022,1829,0.647399
2022,1830,0.163597
2022,2012,0.177316
2022,2017,0.815129
281,268,0.863961
281,269,0.850652
281,270,0.861501
2036,2016,1
2036,2019,0.802514
2036,2024,0.807691
2036,2035,1
295,291,1
295,292,1
295,293,1
295,294,1
800,657,0.75536
800,658,1
800,659,1
800,776,1
800,779,1
818,791,1
818,794,1
818,795,0.538494
818,815,1
818,817,1
895,861,1
895,882,1
895,894,0.820026
1121,1108,0.432592
1121,1116,1
1121,1117,1
1121,1119,1
1121,1120,0.454328
277,249,1
277,275,1
277,276,1
1002,999,1
1002,1000,1
1002,1001,1
1111,1108,1
1111,1109,1
2025,2017,1
2025,2022,1
2025,2023,0.419698
284,270,0.881764
284,271,0.894279
284,272,0.885134
284,281,1
284,282,1
2037,2016,1
2037,2024,0.398299
2037,2025,0.00196125
2037,2027,0.371718
2037,2032,0.00397278
2037,2036,1
296,294,1
296,295,1
1008,1004,1
1008,1007,1
815,791,1
815,813,1
815,814,1
863,844,1
863,845,1
863,862,1
990,987,1
990,988,1
990,989,0.628175
1001,992,1
1001,999,1
1004,1002,1
1004,1003,1
1120,1108,0.462194
1120,1111,0.3976
1120,1112,1
1124,1119,1
1124,1121,1
1128,1119,1
1128,1124,1
1128,1125,1
1128,1127,1
2019,2018,1
278,249,1
278,250,1
278,260,1
278,277,1
819,795,0.286452
819,799,0.427079
819,817,0.852769
819,818,0.506311
862,799,1
862,829,0.323287
862,844,1
866,845,0.17596
866,847,0.0993282
866,849,0.14455
866,863,0.161917
866,865,0.811201
829,799,0.303534
829,819,1
829,820,0.850999
878,849,1
878,858,1
878,859,1
878,868,1
878,869,1
882,859,1
882,861,1
882,879,1
2024,2019,1
2024,2021,1
283,279,1
283,280,0.836276
2023,1829,0.801651
2023,1830,1
2023,2022,0.805395
282,281,1
868,849,1
868,866,0.83987
868,867,1
879,858,1
879,859,1
879,878,1
1049,1008,0.0269428
1049,1037,0.00755688
2027,2023,0.0110114
2027,2024,0.175044
2027,2025,0.0132547
2027,2026,0.359518
286,272,0.897307
286,273,0.883126
286,284,1
286,285,1
1009,895,1
1009,896,1
1009,987,0.834272
1009,990,0.811208
1112,1110,0.804102
1112,1111,1
240,194,1
240,236,1
240,239,1
1025,1001,1
1025,1002,1
1025,1015,0.460123
1122,1112,1
1122,1120,1
1122,1121,0.531935
1125,1120,0.75275
1125,1121,1
1125,1122,1
1125,1124,1
2021,2018,1
2021,2019,1
2021,2020,1
280,277,1
280,278,1
280,279,0.843057
1010,987,1
1010,990,1
1010,1009,1
2020,1606,0.806045
2020,2018,1
279,276,0.038986
279,277,0.850936
804,800,1
804,801,1
804,802,1
804,803,1
814,803,1
814,805,1
814,813,1
1013,990,1
1013,1010,1
1015,990,1
1015,992,0.574896
1015,1001,0.483853
1015,1013,1
1015,1014,0.835336
1037,1004,1
1037,1008,1
1037,1029,1
1037,1030,1
2026,2021,0.667488
2026,2024,0.453392
285,282,0.439186
285,284,0.88454
896,882,1
896,883,1
896,895,1
1029,1002,1
1029,1004,1
1029,1025,1
1029,1026,1
1129,1125,0.825668
1129,1128,0.814505
659,256,1
659,257,1
659,258,1
659,658,1
801,658,1
801,659,1
801,800,1
805,802,1
805,803,1
805,804,1
1051,1008,1
1051,1037,1
1051,1038,1
1051,1049,0.0142345
817,815,1
817,816,1
820,817,1
820,819,0.831314
865,862,0.0599066
865,863,0.0750373
865,864,0.0371721
816,814,1
816,815,1
867,864,0.335055
867,865,0.816905
867,866,0.823481
883,879,1
883,881,1
883,882,1
1026,1015,1
1026,1025,1
1136,1110,0.143854
1136,1112,1
1136,1122,1
1136,1130,0.134306
1136,1132,0.805973
1136,1133,0.809069
2042,1830,1
2042,1869,0.40312
2042,1870,0.810182
2042,2023,0.289802
2042,2027,0.0238559
301,296,1
301,298,0.800984
301,300,1
2045,2021,0.627549
2045,2026,1
2045,2039,0.810026
830,820,1
830,827,1
830,829,0.871
864,829,1
864,830,0.840576
864,862,0.291654
880,868,1
880,869,1
880,876,1
880,878,1
880,879,1
1011,896,1
1011,897,1
1011,1009,1
1011,1010,1
1137,1122,1
1137,1125,1
1137,1136,1
1140,1125,1
1140,1129,0.48869
1140,1137,1
1140,1139,0.802691
1798,1764,0.100393
1798,1773,0.285887
1798,1774,0.367614
1798,1787,1
1798,1788,1
2046,2026,0.818375
2046,2027,1
2046,2042,0.00720217
2046,2045,0.197142
305,298,0.287256
305,299,0.806279
305,302,0.802277
2039,2020,1
2039,2021,0.807716
2039,2038,1
298,297,0.178588
2038,1606,0.812865
2038,1607,1
2038,2020,1
2038,2021,1
297,283,1
297,287,1
869,867,1
869,868,1
1014,1010,1
1014,1012,1
1014,1013,1
1030,1026,0.752719
1030,1028,0.437951
1030,1029,1
1132,1110,0.00489072
1132,1130,0.00847896
1147,1129,0.126467
1147,1140,0.491468
1787,1762,0.227815
1787,1764,0.0924513
1787,1785,0.268166
1787,1786,1
881,879,1
881,880,1
1016,1013,1
1016,1014,1
1016,1015,1
1875,1797,1
1875,1835,0.788556
1875,1836,0.196161
1875,1859,0.809895
1875,1860,0.803252
897,883,1
897,889,1
897,896,1
1012,1010,1
1012,1011,1
1027,1015,0.4035
1027,1016,1
1027,1023,1
1027,1026,0.838269
1038,1030,0.828612
1038,1035,1
1038,1037,1
2047,2039,0.813235
2047,2041,1
2047,2043,0.498587
2047,2045,0.81221
306,302,0.464749
306,305,0.807397
1028,1026,1
1028,1027,0.841829
809,801,1
809,804,1
809,805,1
809,806,1
809,807,1
809,808,1
821,805,1
821,810,1
821,814,1
821,816,1
1053,1038,0.378985
1053,1051,1
660,258,1
660,264,1
660,266,1
660,659,1
806,659,1
806,660,1
806,801,1
1133,1130,0.826361
1138,1133,0.809361
1138,1134,0.0293121
1138,1135,1
1138,1136,0.819677
1138,1137,1
1139,1137,0.802505
1139,1138,1
2048,2042,0.00321806
2048,2043,0.262245
2048,2044,0.118153
2048,2046,1
2048,2047,0.0845274
1607,1606,0.373559
827,817,1
827,820,1
827,824,1
870,830,1
870,831,1
870,864,0.858692
870,867,1
1021,1012,1
1021,1014,1
1021,1016,1
1021,1018,1
1148,1139,0.339793
1148,1140,1
1148,1141,0.430394
1148,1147,0.812619
2041,2039,0.803097
2041,2040,0.811988
300,287,1
300,292,1
300,295,1
300,296,1
300,297,0.802167
300,298,0.809366
2040,1607,0.145958
2040,1608,0.130976
2040,2038,0.806473
2040,2039,0.802214
299,298,0.0710633
823,816,1
823,817,1
823,821,1
823,822,1
824,816,1
824,817,1
824,823,1
885,869,1
885,876,1
885,880,1
885,881,1
889,881,1
889,883,1
889,885,1
889,886,1
1017,897,1
1017,898,1
1017,1011,1
1017,1012,1
1035,1028,1
1035,1030,1
1035,1032,1
1141,1138,0.196266
1141,1139,0.0591999
1801,1799,0.816988
1801,1800,0.808541
2044,1870,0.0164149
2044,1871,0.0281698
2044,1873,0.471707
2044,2042,0.0514685
2044,2043,0.00692866
303,273,0.882541
303,286,0.390012
810,805,1
810,808,1
810,809,1
874,867,1
874,869,1
874,871,1
1023,1016,1
1023,1021,1
1023,1022,1
263,259,1
263,261,1
263,262,1
876,869,1
876,874,1
876,875,1
831,827,1
831,828,1
831,830,1
871,867,1
871,870,1
1055,1038,0.368401
1055,1039,0.834166
1055,1053,0.123061
1134,1133,0.0218177
2043,2041,1
302,298,0.166235
302,299,0.801663
302,301,0.818694
1032,1027,1
1032,1028,1
1032,1031,1
898,889,0.675672
898,891,1
898,897,1
1018,1012,1
1018,1017,1
1031,1023,1
1031,1024,1
1031,1027,1
1142,1133,0.82831
1142,1134,0.810455
1142,1135,0.28919
1142,1138,0.808993
1142,1139,1
1142,1141,0.0310456
1608,1607,1
1039,1035,1
1039,1036,1
1135,1134,0.8138
1143,1141,0.817041
1143,1142,0.0748395
1145,1141,0.836127
1145,1142,0.202972
1145,1143,0.816693
1145,1144,0.812265
1149,1141,0.824969
1149,1145,0.826913
1149,1146,1
1149,1148,0.802888
1795,1786,1
1795,1788,1
1795,1793,1
1795,1794,1
886,876,1
886,877,1
886,885,1
1793,1784,1
1793,1786,1
1793,1790,1
1793,1792,1
822,810,1
822,811,1
822,812,1
822,821,1
1036,1032,1
1036,1034,1
1036,1035,1
1022,1018,1
1022,1020,1
1022,1021,1
1056,1055,0.138254
891,886,1
891,888,0.0518009
891,889,1
828,824,1
828,825,1
828,826,0.841084
828,827,1
1019,898,1
1019,899,0.815931
1019,1017,1
1019,1018,1
266,263,1
266,265,1
807,266,1
807,660,1
807,661,1
807,806,1
808,806,1
808,807,1
825,812,1
825,822,1
825,823,1
825,824,1
1024,1022,1
1024,1023,1
1609,1608,0.806927
872,831,1
872,832,1
872,870,1
872,871,1
1057,1039,1
1057,1040,0.801392
1057,1055,1
1057,1056,0.814466
1817,1811,0.00678685
1817,1813,0.00214736
1817,1814,1
1817,1815,1
1817,1816,1
811,808,1
811,810,1
875,871,1
875,873,1
875,874,1
877,875,1
877,876,1
1020,1018,1
1020,1019,1
1033,1024,1
1033,1031,0.809447
1033,1032,1
1058,1055,0.220105
1058,1056,0.81486
1058,1057,0.524492
1144,1143,1
832,828,1
832,831,1
899,891,0.0506175
899,898,0.0987796
1146,1143,0.804254
1146,1144,0.802515
1146,1145,0.802904
1150,1146,1
1150,1149,0.80955
2058,1873,0.212487
2058,1874,0.790027
2058,2055,0.0110995
2058,2056,0.198472
238,202,1
238,237,1
873,871,1
873,872,1
888,886,0.0537919
888,887,0.818942
1034,1033,1
1040,1034,1
1040,1036,0.80078
1040,1039,0.800697
1780,1778,1
1780,1779,0.399636
1874,1872,0.0354686
1874,1873,0.244465
661,266,1
661,293,1
661,294,1
887,877,0.189303
887,886,0.224968
890,884,1
890,887,0.0267239
890,888,0.0422693
1059,1058,1
2265,1866,0.114119
2265,1871,0.0876153
2265,1872,0.813985
2265,2256,0.229947
2265,2257,0.807466
524,508,1
524,513,1
524,514,0.519
524,516,1
975,884,1
975,974,1
340,334,0.802387
812,811,1
976,974,0.815735
341,340,0.0125291
826,825,0.847494
1060,1059,0.0940023
2359,2055,0.549607
2359,2057,1
2359,2058,0.0423907
1550,1146,0.288269
1550,1150,0.261166
2200,1816,0.0103051
344,334,0.0469675
344,340,0.00411646
342,341,0.0998596
1238,884,1
1238,887,0.020002
1238,890,0.841126
1238,1231,0.837689
1238,1233,1
1238,1235,1
1386,974,0.831889
1386,976,0.807965
1386,1382,0.808995
1386,1384,0.801545
1462,1040,0.485557
1462,1057,0.800375
1462,1452,0.113415
2182,1791,1
2182,1792,1
2182,1794,0.812708
2182,2181,1
2185,1794,1
2185,1796,1
2185,2182,1
2309,1813,0.0862774
2309,1892,0.000413584
2309,2205,0.0620746
2309,2207,0.0210513
2309,2209,0.00881085
2309,2210,0.811483
568,416,0.839827
568,438,0.836643
2202,1778,0.806152
2202,1805,0.802946
2202,2173,0.810487
2202,2199,0.00465853
2175,1778,0.801553
2175,1780,0.802794
2175,1864,0.490029
2175,2173,0.804114
434,432,0.809118
434,433,0.0056576
2256,1864,1
2256,1866,1
2256,2254,0.492872
2256,2255,0.85759
2360,1874,0.821394
2360,2058,0.815029
2360,2267,0.288422
2360,2268,0.402997
2360,2359,0.0141186
2355,2050,0.804822
2355,2053,1
2355,2154,1
2355,2155,1
2154,1609,1
2154,2053,1
413,409,0.815287
413,410,0.00216025
350,340,0.0144452
350,341,0.0169784
350,342,0.010191
350,344,0.815257
350,348,0.805246
350,349,0.811545
2181,1550,1
2181,1791,0.806393
2205,1812,0.806555
2205,1813,1
2205,2204,0.810733
2208,1816,0.800919
2208,2200,0.801417
467,466,0.816209
2356,2050,1
2356,2057,0.24317
2356,2355,0.824913
1151,661,1
1151,662,1
1151,807,1
1151,808,1
1179,826,0.307198
1179,828,0.839835
1179,832,0.843405
1179,1171,1
1463,1057,1
1463,1058,1
1463,1059,1
1463,1452,1
1463,1462,0.801112
1468,1059,1
1468,1060,0.0339018
1468,1466,1
1478,1468,0.325898
2187,1796,0.175821
2187,1812,0.370544
2187,2185,0.45574
2187,2186,0.818256
2204,1796,0.0198492
2204,1812,0.0480373
2204,1813,0.0178071
2204,2187,0.118586
2204,2188,1
2363,2057,0.605967
2363,2356,0.497548
2363,2358,0.418525
2363,2359,0.54118
2363,2361,0.0195965
1157,812,0.836751
1157,825,0.83945
1157,826,1
1157,1155,0.198878
1171,826,0.180883
1171,1168,0.384878
1215,832,1
1215,872,1
1215,873,1
1215,1179,0.52732
1215,1180,0.860276
1221,875,1
1221,877,1
1221,887,0.205241
1221,1219,1
1235,887,0.0259023
1235,1221,0.0331477
1235,1231,0.831702
1466,1059,1
1466,1463,1
1466,1465,1
2209,2205,0.00513067
2209,2208,0.208973
2254,1864,0.175602
2254,2175,0.801579
513,505,1
513,508,0.397204
513,511,1
2267,1872,0.0382709
2267,1874,0.852816
2267,2265,0.816755
2267,2266,0.093183
352,341,0.0265255
352,342,0.817669
352,350,0.0279558
352,351,0.136499
293,262,1
293,265,1
293,266,1
293,291,1
1168,826,0.114507
1168,1157,0.218507
1168,1167,1
1216,872,1
1216,873,1
1216,1215,1
1219,873,1
1219,875,1
1219,1216,1
1219,1218,1
1233,884,1
1233,975,1
2199,2173,0.800412
2199,2174,0.800405
2173,1778,0.810654
432,410,0.00263865
432,413,0.00383187
432,426,0.0210945
345,344,0.00274266
2266,2256,0.598041
2266,2257,0.803062
2266,2262,0.818268
2266,2265,0.291093
348,344,0.555303
348,345,0.0041153
1152,808,1
1152,811,1
1152,1151,1
1155,811,1
1155,812,1
1155,1152,1
1155,1154,1
1383,974,0.801885
1383,975,0.808941
1383,1233,1
1383,1234,1
1383,1382,1
1382,974,0.819113
1382,975,0.802847
2207,2188,0.812944
2207,2204,0.815048
2207,2205,1
2207,2206,0.813753
353,352,0.00383951
355,352,0.0485688
355,353,0.00722616
355,354,0.0993752
1167,1157,0.175661
1167,1158,0.26634
2188,2186,0.0207324
2188,2187,0.0654194
2210,2205,0.00915353
2210,2207,0.00637316
2210,2209,0.808296
469,466,0.81045
469,467,0.818485
2257,2254,0.00404913
2257,2255,0.00842335
2257,2256,0.0218666
2362,2267,0.0069164
2362,2268,0.0673326
2362,2274,0.159671
2362,2359,0.045933
2362,2360,0.0492819
2362,2361,0.8358
2155,2154,1
414,409,0.155878
414,412,0.624719
414,413,0.820329
2186,2182,1
2186,2184,1
2186,2185,1
1239,1231,1
1239,1232,0.0204932
1239,1233,0.850157
1239,1234,1
1239,1238,0.835783
1481,1466,0.469042
1481,1468,0.412916
1481,1469,0.453425
1481,1478,0.302579
1481,1480,0.0303708
2183,1551,1
2183,2181,1
2183,2182,1
2174,2173,0.521587
433,426,0.298741
433,427,0.804413
433,432,0.0165124
2255,2175,0.80089
2255,2176,0.534916
2255,2254,0.816695
514,505,1
514,508,0.151676
514,513,1
2358,2355,0.809065
2358,2356,1
2358,2357,1
364,353,0.809252
364,355,0.00566273
1231,1221,0.027723
1234,1233,0.824319
2184,1551,1
2184,2182,0.581061
2184,2183,1
2176,2173,0.803884
2176,2174,0.803569
2176,2175,1
435,413,0.0196342
435,414,0.116256
435,432,0.800861
435,434,0.800702
2268,2266,0.302795
2268,2267,0.071286
527,306,1
527,510,0.297656
2361,2268,0.427025
2361,2274,0.264245
2361,2359,0.0506733
2364,2358,1
2364,2359,1
2364,2361,0.0075806
2364,2362,0.0154359
2364,2363,0.80704
1465,1452,1
1465,1463,1
1465,1464,1
349,345,0.00234594
349,346,0.805459
349,348,0.310779
354,351,0.498905
354,352,0.202245
367,355,0.194935
367,361,0.142833
367,364,0.0276853
1158,1155,0.438925
1158,1156,0.866381
1158,1157,0.0782085
1467,1463,1
1467,1465,1
1467,1466,1
1469,1466,1
1469,1467,1
1469,1468,1
1551,1546,0.801253
2206,2188,0.814285
2206,2197,0.0224434
2217,2207,0.210963
2217,2210,0.0123509
2217,2213,0.356236
2217,2214,1
476,473,0.0152409
2201,2174,0.0172908
2201,2177,0.800356
2201,2199,0.0046873
2357,2155,0.812745
2357,2156,1
2357,2355,0.836057
1453,1445,1
1453,1452,0.803311
351,348,0.805951
351,349,0.8065
351,350,0.824668
662,294,1
662,296,1
662,507,1
662,661,1
1222,1219,1
1222,1220,1
1222,1221,1
1464,1452,1
1464,1453,0.802832
1464,1454,1
2197,2184,0.500171
2197,2186,0.352845
2197,2188,0.130413
2197,2194,1
2271,2262,0.812441
2271,2266,0.836369
2271,2268,0.0258971
2271,2270,0.496417
370,367,0.34678
370,368,0.00645974
370,369,0.829254
1172,1168,1
1172,1170,1
1172,1171,0.271289
1180,1171,1
1180,1172,0.127642
1180,1174,0.0565903
1180,1179,0.392963
1236,1221,1
1236,1222,1
1236,1229,1
1236,1231,0.0279227
1236,1235,0.842715
1385,1234,0.190937
1385,1239,0.808618
1385,1383,0.802813
1385,1384,0.800741
1384,1234,0.800648
1384,1382,0.463857
1384,1383,0.802338
1480,1469,0.00904961
2262,2257,0.209023
2262,2258,0.403163
2262,2261,0.156388
360,351,0.0261764
360,354,0.0264584
360,355,0.826792
360,358,0.134564
360,359,0.516861
1170,1167,1
1170,1168,1
1170,1169,1
1217,1180,0.855358
1217,1181,1
1217,1215,1
1217,1216,1
1445,1442,0.0424112
1445,1444,1
2194,2184,1
2194,2186,0.353124
2194,2190,1
2194,2192,1
2213,2197,0.816614
2213,2198,0.808984
2213,2206,0.0436383
2213,2207,0.667711
2177,2171,0.0116815
2177,2174,0.831019
2177,2176,0.805437
2259,2176,0.00267535
2259,2179,0.0430438
2259,2180,0.00474644
2259,2255,0.0411358
2259,2258,0.824336
2258,2176,1
2258,2179,0.800501
2258,2255,0.323833
2258,2257,0.0178343
2156,2155,1
415,407,0.836602
415,412,0.19136
1434,1433,0.290974
1444,1434,1
1444,1442,0.131616
1153,507,1
1153,662,1
1153,1151,1
1153,1152,1
2189,1551,0.801081
2189,1552,0.199751
2189,2184,0.801787
361,354,0.819878
361,355,0.823408
361,360,0.806011
369,355,1
369,361,0.0166812
369,365,0.82585
369,366,0.83421
369,367,0.151171
373,368,0.0171185
373,369,0.0718489
373,370,0.148279
1218,1216,1
1218,1217,1
1220,1218,1
1220,1219,1
1237,1231,0.0289726
1237,1236,1
1232,1231,0.0099174
2214,2213,0.20096
473,472,0.805603
2274,2268,0.714114
2274,2271,0.0131556
2365,2361,0.0173984
2365,2364,0.0935405
2368,2357,0.536611
2368,2358,0.475368
2368,2364,0.790165
2368,2365,0.0982519
2368,2367,0.383506
1431,1430,1
346,345,0.0106151
358,345,0.00275174
358,346,0.803075
358,347,0.145092
358,349,0.809358
358,351,0.21983
365,361,0.011674
1240,1237,0.408019
1285,1240,1
1285,1249,1
1430,1285,1
1430,1286,1
1433,1432,1
2190,1552,0.499839
2190,2184,1
2190,2189,1
2179,2176,0.809357
2179,2177,0.814947
2179,2178,0.143874
438,435,0.815474
438,437,0.0217478
2371,2269,1
2371,2274,0.806497
2371,2276,0.816633
2371,2361,0.350373
2371,2365,0.0243064
2373,2364,0.189873
2373,2365,0.825481
2373,2368,0.25942
2373,2370,0.219688
2373,2372,0.080817
1432,1431,0.802473
1154,1152,1
1154,1153,1
1156,1154,1
1156,1155,1
1454,1445,1
1454,1450,0.471552
1454,1453,1
1471,1464,1
1471,1465,1
1471,1467,1
1471,1470,1
1476,1467,0.439003
1476,1469,1
1476,1471,1
1476,1473,0.511487
1476,1474,0.817552
2216,2198,0.345856
2216,2213,1
2216,2214,0.491394
2216,2215,0.0644767
475,474,1
2277,2270,0.0181705
2277,2271,0.0344459
2277,2272,0.086757
2277,2274,0.826618
2277,2276,0.375586
2367,2156,1
2367,2157,0.807827
2367,2357,1
376,373,0.0137912
376,375,0.018258
1169,1158,0.189062
1169,1165,0.631816
1169,1167,1
1442,1433,0.0731568
1442,1434,0.0489548
1450,1444,0.811072
1450,1445,1
1450,1447,1
1450,1449,1
2198,2194,0.826614
2198,2196,1
2198,2197,0.828281
2270,2261,0.809335
2270,2262,0.814285
2270,2263,1
366,361,0.365238
366,363,0.8041
366,365,0.823077
374,369,0.840687
374,370,1
374,371,0.827415
374,373,0.404001
292,287,1
292,289,1
292,290,1
292,291,1
1447,1442,0.809539
1447,1444,1
1447,1445,1
1447,1446,1
1470,1454,1
1470,1455,1
1470,1464,1
2261,2258,0.0372725
362,359,0.820163
362,360,0.0767559
362,361,0.809611
371,366,0.0289572
371,369,0.831355
375,373,0.300067
375,374,0.71622
377,373,0.0394716
377,375,0.0249628
377,376,0.284366
1435,1286,1
1435,1430,1
1435,1431,1
2192,1552,0.424258
2192,2190,1
2192,2191,0.470492
2196,2190,0.809751
2196,2192,0.8135
2196,2194,0.824497
2172,2171,0.805061
2178,2171,0.0513838
2178,2172,0.0971062
2178,2177,1
437,434,0.00741182
437,435,0.41759
437,436,0.800653
2157,2156,0.813839
416,412,1
416,414,0.268556
416,415,0.382993
1446,1433,0.498858
1446,1441,0.440552
1446,1442,0.170478
1553,1546,1
1553,1547,1
1553,1549,0.812552
1553,1552,1
347,346,0.0107738
359,347,0.00604656
359,358,0.026315
1246,1237,1
1246,1240,1
1246,1245,1
1286,1249,1
1286,1285,1
1439,1431,1
1439,1432,0.464052
1439,1433,0.812628
1439,1436,1
2276,2269,0.80775
2276,2274,0.0831144
2372,2269,0.519971
2372,2365,0.0722383
2372,2366,0.194232
2372,2370,0.0160523
2372,2371,0.367547
2370,2366,0.0134913
2370,2367,0.395428
2370,2368,1
2370,2369,0.353052
558,377,0.839528
2299,2272,0.175842
2299,2276,0.103611
2299,2277,0.527641
2299,2294,0.0861825
2299,2297,0.0714743
2299,2298,0.38375
1245,1229,1
1245,1230,0.390732
1245,1236,1
1245,1237,1
1441,1433,0.804896
1441,1439,1
2263,2261,0.815043
363,361,0.0138516
363,362,0.0896611
507,296,1
507,301,1
2248,2219,0.800834
2248,2220,0.802488
2248,2221,0.801955
2248,2244,0.229798
1249,1240,1
1249,1246,1
1436,1431,1
1436,1435,1
1474,1471,0.0133084
1474,1473,0.0240893
1549,1546,0.0317598
1549,1547,0.822605
2191,1552,1
2191,1553,0.447579
2191,1561,0.792441
2215,2198,0.0166244
474,473,0.805615
2195,2172,0.331102
2180,2178,0.804513
2180,2179,0.0103237
439,437,0.246998
439,438,0.105176
2264,2258,0.0355185
2264,2259,0.801398
2264,2261,0.809118
2264,2263,0.801811
523,302,0.80513
523,305,0.232493
523,306,0.814685
523,307,0.824276
2272,2263,0.257079
2272,2270,0.330365
1174,1169,0.182272
1174,1170,0.178424
1174,1172,0.166671
1174,1173,0.477337
1181,1174,0.842373
1181,1177,1
1181,1180,0.0917913
1223,1180,0.834416
1223,1181,1
1223,1182,1
1223,1217,1
1223,1218,1
1227,1218,1
1227,1220,1
1227,1224,1
1229,1220,1
1229,1227,1
1229,1228,1
1473,1470,1
1473,1471,1
1473,1472,1
395,361,0.158605
395,363,0.805937
395,365,0.0179915
395,366,0.444774
395,371,0.0105985
395,384,0.804169
1224,1218,1
1224,1220,1
1224,1223,1
1455,1449,0.637543
1455,1450,0.43442
1455,1451,0.463623
1455,1454,1
1475,1473,1
1475,1474,0.0350771
2280,2180,0.0791572
2280,2227,0.35443
2280,2228,0.59408
2280,2259,0.0689675
2280,2264,1
2280,2279,0.811853
2369,2157,1
2369,2367,0.826107
560,377,0.0169071
560,406,0.0858372
560,558,0.0134379
560,559,0.00777908
2301,2288,0.800485
2301,2293,1
2366,2269,0.30101
2366,2294,0.819574
402,371,0.820207
402,374,1
402,375,0.739292
402,399,0.846628
402,401,0.681278
403,374,1
403,375,1
403,377,0.0276075
403,402,1
406,375,0.234495
406,377,0.0611825
406,403,0.429108
406,405,0.840305
563,377,0.0782908
563,406,0.0500617
563,558,0.0674534
563,559,0.648773
563,560,0.0155678
563,561,0.0455215
2304,2295,0.811783
1159,507,1
1159,509,1
1159,1153,1
1159,1154,1
1448,1441,1
1448,1443,1
1448,1446,1
1448,1447,1
1449,1446,1
1449,1447,1
1449,1448,1
1561,1547,0.187193
1561,1553,0.398331
1561,1557,0.819981
2238,1553,1
2238,1561,1
2238,2191,1
2239,2191,0.813006
2239,2192,0.810197
2239,2196,1
2239,2238,0.81173
2243,2196,1
2243,2239,1
2243,2241,0.481728
502,285,0.487089
502,288,0.461645
2246,2198,0.224131
2246,2215,0.193095
2246,2243,0.332245
505,502,1
505,503,1
505,504,1
2242,2172,0.0041579
2242,2178,0.116998
2242,2195,0.0173387
2242,2218,0.803767
2242,2225,0.800591
501,273,1
501,303,0.874056
1165,1156,1
1165,1158,0.449036
1165,1163,1
1177,1173,1
1177,1174,0.871231
1177,1176,1
1554,1547,0.827411
383,359,0.830922
383,362,0.145104
383,363,0.022635
383,379,0.816531
383,381,0.810371
383,382,0.833999
399,371,0.823529
399,374,0.836882
399,395,0.092829
399,396,0.0682333
1173,1165,1
1173,1169,0.565851
1437,1286,1
1437,1287,0.311253
1437,1435,1
1437,1436,1
1472,1455,1
1472,1460,1
1472,1470,1
2225,2178,0.493366
2225,2218,0.804873
484,469,0.0231144
484,470,0.198381
484,477,0.81603
2227,2178,0.80207
2227,2180,0.812431
2227,2225,0.802041
2227,2226,1
486,470,0.0306006
486,471,0.0191764
486,484,0.345962
486,485,0.0378594
2279,2264,0.0328498
2284,2263,0.801892
2284,2264,0.0622064
2284,2279,0.0241055
2284,2281,0.120551
2284,2283,0.802089
2379,2366,1
2379,2369,0.00473927
2379,2370,0.00846307
2379,2374,1
2379,2375,1
2379,2378,0.01717
379,347,0.0227704
379,359,0.815387
379,378,0.00297368
1160,1154,1
1160,1156,1
1160,1159,1
1250,1246,0.500706
1250,1248,0.141831
1250,1249,0.816973
1443,1439,1
1443,1440,1
1443,1441,1
1451,1449,1
2283,2263,0.837307
2283,2264,1
2283,2272,0.827263
2283,2281,0.372674
2294,2269,0.0209716
2294,2276,0.839591
2300,2293,1
2300,2294,0.0666427
2300,2296,0.118231
2300,2298,0.472711
2300,2299,1
378,347,0.434969
378,359,0.00187652
384,363,0.80314
384,382,0.00644064
384,383,0.0027606
561,403,0.200357
561,405,0.101237
561,406,1
561,407,0.837339
561,415,0.857964
561,559,0.0249046
561,560,0.81374
2302,2301,1
1163,1156,1
1163,1160,1
1248,1229,0.492366
1248,1230,0.804985
1248,1245,0.580558
1248,1246,0.519212
1248,1247,0.0162006
1287,1249,0.330781
1287,1250,0.0793835
1287,1286,0.312806
1440,1436,1
1440,1437,1
1440,1438,0.158388
1440,1439,1
1557,1547,1
1557,1554,0.826744
1557,1555,1
2218,2178,0.804428
477,469,0.00474035
2297,2272,0.83137
2297,2283,0.834476
2297,2285,0.828615
2375,2269,1
2375,2294,0.82271
2375,2366,1
2375,2374,0.815932
2378,2369,1
2378,2374,0.0060817
270,269,1
405,401,0.384424
405,402,0.174353
405,403,0.820687
564,559,0.822146
564,561,0.0219502
564,562,0.0208441
564,563,0.814105
2305,2293,0.328461
2305,2295,0.0128156
2305,2296,0.0815874
2305,2300,0.546896
2305,2301,0.812643
1228,1224,1
1228,1226,1
1228,1227,1
1438,1437,0.0512806
1483,1472,1
1483,1473,1
1483,1475,1
1483,1482,1
2240,1562,1
2240,1564,0.789026
2240,2238,0.825466
2240,2239,1
2241,2239,0.282526
2241,2240,0.501485
2247,2241,0.0126541
2247,2243,0.0180614
2247,2245,0.0130718
2247,2246,0.0198117
506,504,1
506,505,1
1244,1241,1
1244,1242,0.416165
1244,1243,1
2244,2218,0.0643505
2244,2219,0.801326
2244,2220,0.441043
503,285,0.518176
503,286,1
503,303,0.883583
503,502,1
2281,2228,0.309579
2281,2279,0.0186307
2281,2280,0.304318
396,384,0.00252957
396,386,0.800902
396,395,0.383329
400,395,0.0181871
400,396,0.0446845
400,397,0.0173362
400,399,0.172331
401,399,0.839602
401,400,0.830266
407,405,0.0247099
1225,1181,1
1225,1182,1
1225,1211,1
1225,1223,1
1225,1224,1
1230,1228,0.328697
1230,1229,0.399676
1458,1448,1
1458,1449,1
1458,1451,1
1458,1457,0.149359
1460,1451,1
1460,1455,1
1460,1458,0.71152
1460,1459,1
1486,1475,0.518247
1555,1554,0.0289899
2245,2241,0.00652379
504,288,1
504,502,1
2228,2226,0.4591
2228,2227,0.365047
1247,1230,0.022137
1247,1241,1
1247,1244,0.500897
1242,1241,0.314729
381,378,0.01337
381,379,0.0856387
382,381,0.818431
386,382,0.0234757
386,383,0.0115341
386,384,0.0825637
509,301,1
509,302,0.807013
509,507,1
2250,2248,0.802733
1182,1177,1
1182,1178,1
1182,1181,1
1558,1555,0.81017
1558,1556,1
1558,1557,0.832449
2226,2218,0.802197
2226,2219,0.802451
2226,2225,0.817015
2282,2228,0.800805
2282,2235,0.302432
2282,2280,0.305083
2282,2281,0.0499801
2285,2278,0.00623345
2285,2281,0.801283
2285,2283,0.818046
2285,2284,0.809692
2298,2278,0.0244557
2298,2285,0.824333
2298,2293,0.310589
2298,2297,0.423188
1388,1242,0.169038
1388,1243,0.43499
1388,1387,0.829298
562,561,0.309593
2303,2287,0.801353
2303,2288,0.829484
2303,2301,0.0329522
1176,1173,0.864506
1176,1175,1
1226,1224,1
1226,1225,1
1456,1443,0.0361206
1457,1443,0.42253
1457,1448,0.199199
1457,1456,0.312153
1482,1461,0.800429
1482,1472,1
1487,1483,0.80194
1487,1485,0.805611
1487,1486,0.493343
1562,1558,1
1562,1559,0.800397
1562,1560,0.800825
2219,2218,0.0210647
478,475,0.804514
2377,2294,0.304231
2377,2295,0.815907
2377,2296,0.82864
2377,2304,0.808764
2377,2374,0.831817
2377,2375,0.818317
2377,2376,0.273427
2380,2374,1
2380,2376,0.812839
2380,2378,0.00976094
479,473,0.0112357
479,476,0.804622
2220,2219,1
412,401,1
412,405,0.144707
412,407,0.0321216
412,409,0.837744
566,415,0.821066
566,416,0.187542
566,561,0.81893
566,562,0.0279231
2307,2295,0.126618
2307,2301,0.172574
2307,2302,0.32021
2307,2305,0.130458
2307,2306,0.826898
570,562,0.0483709
570,567,0.0402979
2311,2223,0.215649
2311,2224,0.154716
2311,2231,0.0351648
2311,2233,0.191484
1175,1165,1
1175,1166,1
1175,1173,0.880924
1178,1176,1
1178,1177,1
1243,1241,1
1243,1242,1
2296,2293,0.123565
2296,2294,0.612907
2296,2295,0.299619
1389,1378,0.851093
1389,1380,1
1389,1387,0.804401
1389,1388,1
2252,2244,0.804487
2252,2245,1
2252,2248,1
511,303,0.872375
511,503,1
511,505,1
1387,1242,0.463946
1387,1243,1
1387,1378,1
397,386,0.800498
397,392,0.800501
397,393,0.454331
397,396,0.802637
409,401,0.342436
409,405,0.202151
409,408,1
1166,1163,1
1166,1164,1
1166,1165,1
1459,1451,1
1459,1458,1
1485,1482,1
1485,1483,1
1485,1484,0.80344
1489,1486,0.115694
1489,1487,0.0564254
1556,1555,0.800382
2253,2240,0.218765
2253,2241,0.649295
2253,2245,0.0147415
2253,2249,0.561899
2253,2251,0.000376085
2376,2304,0.0261381
2376,2374,0.826319
1161,509,1
1161,510,0.800982
1161,1159,1
1161,1160,1
387,381,0.091558
387,382,0.801677
1164,1160,1
1164,1162,1
1164,1163,1
481,473,0.197621
481,474,0.00657167
481,475,0.801164
481,476,0.00776063
481,478,0.80375
481,479,0.804875
2222,2219,0.801213
2222,2220,0.806736
408,393,0.0251064
408,397,0.206931
408,398,0.802283
408,400,0.164253
408,401,0.801791
567,562,1
567,566,0.0456346
2308,2278,0.808303
2308,2287,0.821062
2308,2293,0.0286516
2308,2298,0.182245
2308,2301,0.0154045
2308,2303,1
1276,1241,1
1276,1247,0.857409
1276,1266,1
1276,1275,1
1560,1556,1
1560,1558,0.800418
1560,1559,0.0743602
1564,1559,0.802005
1564,1562,1
2232,2219,0.807612
2232,2222,0.394079
2232,2223,0.295327
2232,2226,1
2232,2231,1
1380,1378,0.844387
1380,1379,1
391,382,0.0131629
391,386,0.00115605
391,387,0.810672
391,388,0.0170023
391,389,0.803057
1162,1160,1
1162,1161,1
1211,1178,1
1211,1182,1
1211,1203,1
1378,1252,1
2251,2249,0.00403111
510,302,1
510,306,0.149267
510,509,0.821268
2236,2226,0.0735789
2236,2228,0.859481
2236,2231,0.0654662
2236,2232,0.169175
2236,2233,0.000900606
2236,2235,0.802712
2235,2228,0.146748
2235,2233,0.00133116
2289,2235,0.0481559
2289,2281,0.801171
2289,2282,0.212313
2289,2285,0.349685
2249,1564,1
508,505,0.388615
508,506,0.413779
392,386,1
392,388,0.803323
392,389,0.800952
392,391,0.00537729
572,567,0.0330069
572,569,0.020738
572,570,0.845007
272,271,0.538486
1261,1225,1
1261,1226,1
1261,1228,1
1261,1260,1
1264,1226,1
1264,1228,1
1264,1230,0.335425
1264,1247,0.0170022
1264,1261,1
1264,1263,1
1419,1243,1
1419,1252,1
1419,1279,1
1419,1378,1
1419,1387,1
2291,2278,0.0959038
2291,2285,0.135767
2291,2287,0.315357
2291,2288,1
2291,2289,0.661967
2291,2290,0.13197
2383,2159,0.0503823
2383,2160,1
2383,2376,0.83292
2383,2380,0.809944
2383,2381,0.808287
1484,1461,0.800805
1484,1482,0.800583
1275,1241,1
1275,1243,1
1398,1378,1
1398,1379,0.853304
1398,1380,0.864251
1398,1389,0.853923
1398,1393,1
1398,1397,1
2231,2222,0.801334
2231,2223,1
1381,1379,1
388,387,0.80412
569,416,1
569,566,0.283213
569,567,0.367238
569,568,0.435116
1260,1211,1
1260,1212,1
1260,1225,1
1266,1247,0.815659
1266,1264,0.0510303
1279,1243,1
1279,1252,1
1279,1275,1
1416,1381,0.819893
1416,1408,0.836298
1416,1409,0.121275
2287,2278,0.809367
573,569,0.0630318
573,572,0.23821
393,388,0.804151
393,389,0.8044
393,390,0.800834
393,391,0.0109051
393,392,0.803994
398,393,0.0753536
398,394,0.800338
398,397,0.412268
1203,1178,1
1203,1200,1
480,478,0.00512681
2221,2220,0.805334
410,394,0.800615
410,398,0.801919
410,408,0.803232
410,409,0.366392
1199,1175,1
1199,1176,1
1199,1189,1
1200,1176,1
1200,1178,1
1200,1199,1
1397,1379,1
1397,1380,0.867902
1397,1381,1
1397,1391,1
1397,1393,1
1397,1395,1
2224,2220,0.802894
2224,2222,0.248885
2224,2223,0.4268
2381,2159,0.470606
2381,2304,0.0299612
2381,2306,0.600695
2381,2376,0.688742
2223,2222,1
2159,2158,0.8229
1187,1162,1
1187,1164,1
1187,1166,1
1187,1184,0.8478
2233,2231,0.00585566
2237,2230,0.00953672
2237,2233,0.800374
2237,2235,0.800774
2237,2236,0.0190043
2290,2230,0.800627
2290,2235,0.022822
2290,2237,0.0344303
2290,2286,0.806835
2290,2288,0.820922
2290,2289,0.0703945
2306,2295,0.163215
2306,2302,0.497287
2306,2304,0.130025
390,389,0.00845027
389,388,0.273658
1409,1408,0.864457
576,569,0.096103
576,573,0.0492072
576,575,0.840087
579,573,0.123621
579,576,0.0428274
394,389,0.308916
394,393,0.0104186
574,414,0.082774
574,416,0.506617
574,435,1
574,438,0.812392
574,568,0.0250572
1189,1166,1
1189,1175,1
1189,1187,1
1278,1265,1
1278,1266,1
1278,1272,0.852721
1278,1275,1
1278,1276,1
1278,1277,1
1394,1252,1
1394,1254,1
1394,1378,1
1394,1393,1
2288,2286,1
2288,2287,0.265438
575,438,0.0350247
575,439,0.855822
575,568,0.0594548
575,569,0.0561087
1183,510,1
1183,527,0.237751
1183,1161,0.802068
1183,1162,0.801091
1263,1260,1
1263,1261,1
1263,1262,1
1393,1378,1
1413,1408,0.843592
1413,1409,0.848831
1413,1410,0.809021
1413,1412,0.0762201
2286,2230,0.80048
2160,2158,0.812714
2160,2159,0.808783
419,417,0.809438
1212,1203,1
1212,1204,1
1212,1211,1
1391,1381,1
2382,2158,0.0183088
2382,2159,0.0188371
2382,2161,0.0184402
2382,2306,0.818809
2382,2381,0.0494022
417,389,0.00375403
417,390,0.0042157
417,393,0.0219183
417,394,0.00666315
1422,1413,0.801112
587,576,0.047398
587,579,0.117109
587,580,0.855535
2328,2233,0.815159
2328,2311,0.826261
1280,1251,1
1280,1252,1
1280,1254,1
1280,1275,1
1280,1277,1
1280,1279,1
426,394,0.800463
426,398,0.431544
426,410,0.350563
426,421,0.119017
426,423,0.802953
578,575,0.845041
578,576,0.859452
578,577,0.263106
1184,527,0.148438
1184,1162,0.837027
1184,1183,1
1277,1251,1
1277,1265,0.841571
1277,1275,1
1408,1381,0.82487
1408,1391,1
1408,1392,1
2330,2230,0.0483739
2330,2233,0.800477
2330,2237,0.123863
2330,2325,0.809079
2330,2328,0.800336
1262,1212,1
1262,1213,1
1262,1260,1
1268,1263,0.274777
1268,1264,0.354464
1268,1266,0.0297026
1268,1267,0.25514
1396,1253,0.808063
1396,1254,1
1396,1390,1
1396,1393,1
1396,1394,0.864692
1396,1395,1
2325,2230,0.802863
2325,2286,1
2325,2322,0.0737979
2344,2230,0.801036
2344,2286,0.207274
2344,2288,0.500561
2344,2322,1
2344,2325,0.148829
2348,2288,0.265876
2348,2303,0.0350511
2348,2343,1
2348,2344,0.802297
2348,2346,0.162379
2348,2347,0.579224
2351,2301,0.214758
2351,2302,0.48906
2351,2303,0.0144684
2351,2307,1
2351,2347,0.0302047
2351,2348,0.0849092
2351,2350,0.835103
1254,1251,0.360901
1254,1252,1
1254,1253,0.832295
588,580,0.230531
588,585,0.0478212
588,587,0.859529
421,394,0.00419364
421,417,0.21629
421,419,0.802663
577,439,0.84391
577,575,0.84841
580,576,0.845937
580,578,0.47183
1202,1189,1
1202,1199,1
1202,1200,1
1202,1201,0.86063
1272,1263,0.0625237
1272,1265,1
1272,1266,1
1272,1268,0.0552693
1272,1271,1
1399,1390,1
1399,1391,1
1399,1392,1
1399,1393,1
1399,1395,1
1399,1397,1
1421,1412,0.804294
1421,1414,0.81247
1204,1200,1
1204,1202,1
1204,1203,1
1395,1390,1
1395,1393,1
1425,1421,0.802597
1425,1423,1
1425,1424,1
2353,2115,0.814904
2353,2302,1
2353,2306,0.459551
2353,2350,1
2353,2351,1
470,467,0.38159
470,468,1
470,469,0.839333
2384,2115,0.205015
2384,2161,0.125842
2384,2306,1
2384,2353,1
2384,2382,0.280792
2161,2115,0.00963692
2161,2158,0.157761
1186,527,1
1186,1184,0.112937
1186,1185,1
1190,1184,1
1190,1187,0.84415
1190,1188,0.0996447
1190,1189,0.850534
1265,1251,1
2347,2343,0.811498
2347,2346,0.800375
2164,2158,0.119067
2164,2160,0.369698
2164,2161,0.818965
