5 
6 
6 
6 
6 
6 
6 
6 
6 
7 
7 
7 
7 
7 
7 
7 
7 
7 
7 
7 
7 
7 
7 
7 
6 
6 
6 
6 
6 
6 
6 
6 
44 
6 
6 
1 
45 
46 
1 
44 
46 
6 
6 
6 
6 
1 
49 
50 
49 
47 
49 
1 
48 
1 
62 
61 
1 
61 
61 
1 
48 
80 
80 
1 
82 
1 
82 
74 
1 
75 
83 
83 
59 
59 
59 
1 
58 
59 
81 
58 
84 
58 
56 
55 
60 
85 
85 
85 
55 
55 
35 
35 
35 
35 
35 
35 
35 
35 
35 
35 
35 
35 
35 
35 
35 
35 
35 
35 
35 
35 
35 
35 
35 
35 
35 
35 
35 
34 
59 
34 
34 
59 
34 
59 
34 
35 
57 
55 
57 
57 
34 
35 
1 
1 
35 
96 
96 
96 
96 
96 
96 
96 
96 
96 
96 
96 
96 
96 
97 
96 
95 
106 
106 
106 
106 
106 
106 
96 
106 
106 
106 
106 
106 
106 
106 
106 
106 
106 
106 
106 
106 
1 
106 
106 
96 
96 
96 
96 
96 
96 
96 
96 
96 
96 
96 
96 
106 
106 
106 
106 
106 
106 
106 
106 
106 
106 
106 
106 
106 
106 
106 
106 
106 
106 
106 
106 
106 
106 
106 
106 
106 
106 
106 
106 
106 
106 
106 
106 
106 
106 
106 
106 
106 
106 
106 
106 
106 
106 
106 
106 
106 
106 
106 
106 
106 
106 
106 
106 
106 
106 
106 
106 
106 
106 
106 
106 
106 
106 
106 
106 
106 
106 
106 
106 
106 
106 
106 
106 
106 
106 
106 
106 
106 
106 
106 
106 
106 
112 
112 
112 
112 
112 
112 
106 
106 
106 
106 
106 
106 
106 
112 
112 
106 
112 
112 
112 
106 
112 
106 
106 
106 
106 
106 
106 
106 
106 
106 
106 
106 
106 
106 
106 
112 
112 
106 
106 
106 
106 
121 
120 
123 
122 
128 
133 
121 
119 
1 
1 
131 
123 
131 
1 
130 
132 
129 
124 
132 
132 
126 
125 
129 
127 
1 
182 
129 
127 
1 
1 
1 
182 
137 
139 
1 
169 
135 
169 
176 
169 
169 
169 
169 
139 
185 
147 
148 
1 
1 
169 
153 
152 
152 
153 
150 
185 
149 
149 
149 
185 
149 
149 
151 
1 
151 
151 
151 
178 
179 
175 
145 
1 
146 
146 
145 
150 
1 
167 
144 
144 
167 
144 
144 
167 
167 
157 
150 
160 
167 
157 
151 
159 
159 
151 
151 
1 
158 
160 
160 
159 
159 
157 
1 
159 
159 
159 
160 
160 
138 
1 
138 
1 
138 
174 
138 
174 
170 
155 
160 
170 
170 
1 
1 
164 
160 
164 
164 
160 
160 
164 
161 
170 
166 
170 
166 
160 
166 
160 
160 
160 
170 
170 
134 
1 
170 
163 
163 
143 
163 
160 
143 
160 
160 
160 
140 
143 
160 
188 
188 
186 
188 
187 
186 
195 
195 
193 
194 
196 
190 
194 
196 
192 
194 
1 
1 
190 
191 
189 
1 
186 
186 
1 
1 
201 
1 
197 
200 
197 
200 
199 
1 
198 
112 
112 
112 
112 
112 
112 
106 
112 
106 
106 
112 
112 
112 
112 
112 
112 
112 
112 
112 
112 
112 
112 
106 
112 
106 
112 
106 
106 
106 
112 
106 
113 
106 
106 
112 
1 
112 
112 
116 
115 
115 
112 
114 
106 
118 
106 
1 
114 
114 
1 
114 
106 
114 
114 
114 
117 
1 
178 
177 
156 
160 
170 
177 
177 
1 
160 
170 
160 
160 
172 
1 
172 
173 
164 
161 
161 
165 
161 
171 
160 
165 
160 
160 
160 
160 
154 
162 
162 
162 
160 
160 
168 
160 
160 
154 
154 
136 
141 
142 
141 
154 
142 
183 
183 
1 
183 
1 
184 
183 
183 
1 
184 
1 
160 
162 
180 
154 
154 
154 
181 
154 
203 
1 
202 
183 
204 
183 
1 
184 
183 
1 
183 
183 
207 
207 
205 
183 
206 
205 
208 
209 
205 
205 
205 
212 
211 
210 
213 
211 
1 
106 
106 
106 
106 
106 
106 
106 
106 
106 
106 
106 
106 
221 
221 
219 
219 
219 
219 
219 
219 
219 
219 
106 
106 
106 
106 
106 
106 
106 
106 
106 
106 
106 
106 
106 
106 
106 
106 
106 
106 
221 
221 
219 
219 
219 
219 
219 
219 
219 
219 
219 
106 
218 
219 
219 
219 
219 
219 
106 
106 
106 
106 
106 
219 
106 
106 
106 
106 
106 
106 
106 
106 
106 
106 
106 
106 
1 
219 
219 
219 
219 
219 
219 
219 
219 
219 
219 
214 
219 
219 
219 
219 
106 
106 
219 
219 
219 
219 
219 
219 
1 
217 
219 
219 
219 
219 
219 
219 
219 
219 
106 
106 
219 
220 
221 
1 
106 
106 
106 
106 
106 
106 
106 
106 
106 
106 
106 
106 
106 
106 
106 
106 
106 
106 
106 
106 
106 
106 
106 
106 
106 
106 
106 
106 
106 
106 
106 
105 
105 
106 
106 
106 
106 
106 
106 
106 
106 
106 
106 
106 
106 
106 
106 
106 
106 
106 
106 
106 
106 
106 
106 
106 
106 
106 
106 
106 
106 
106 
106 
106 
106 
106 
106 
106 
106 
106 
106 
106 
106 
106 
106 
106 
106 
105 
105 
106 
106 
106 
106 
106 
106 
106 
106 
106 
106 
106 
106 
106 
106 
106 
106 
105 
105 
106 
106 
106 
106 
106 
106 
106 
106 
106 
106 
106 
106 
106 
106 
106 
106 
106 
106 
106 
106 
111 
106 
106 
109 
109 
106 
111 
106 
106 
106 
106 
106 
106 
106 
106 
106 
106 
106 
106 
216 
215 
106 
106 
106 
106 
106 
106 
106 
106 
106 
106 
106 
106 
106 
216 
1 
6 
6 
6 
6 
1 
1 
106 
106 
106 
106 
106 
106 
106 
106 
106 
106 
106 
106 
106 
106 
106 
106 
106 
106 
106 
106 
106 
106 
106 
106 
106 
106 
106 
106 
106 
106 
106 
106 
106 
106 
106 
106 
106 
106 
106 
106 
106 
106 
106 
106 
107 
1 
108 
1 
111 
111 
111 
106 
106 
106 
106 
106 
106 
106 
106 
106 
106 
106 
106 
106 
106 
106 
106 
106 
106 
106 
106 
106 
106 
106 
106 
106 
106 
106 
106 
106 
106 
106 
106 
106 
106 
106 
106 
106 
106 
106 
106 
106 
106 
106 
106 
106 
106 
106 
106 
106 
106 
106 
106 
106 
106 
106 
106 
106 
106 
106 
106 
106 
106 
106 
106 
106 
106 
1 
106 
106 
106 
106 
106 
104 
1 
106 
1 
106 
1 
106 
106 
106 
106 
106 
106 
1 
6 
6 
6 
6 
7 
6 
7 
7 
7 
7 
7 
6 
7 
7 
7 
7 
7 
7 
7 
7 
7 
7 
7 
7 
7 
7 
7 
7 
3 
7 
3 
3 
3 
7 
3 
3 
3 
9 
4 
4 
9 
9 
9 
9 
9 
9 
9 
9 
9 
9 
9 
1 
1 
9 
9 
9 
9 
9 
9 
9 
9 
1 
9 
9 
9 
9 
9 
9 
9 
1 
9 
9 
9 
9 
9 
9 
9 
9 
9 
9 
9 
9 
9 
9 
9 
9 
9 
9 
9 
106 
106 
106 
106 
106 
106 
106 
106 
106 
106 
106 
106 
106 
106 
106 
106 
106 
106 
106 
106 
106 
106 
106 
106 
106 
106 
106 
106 
106 
106 
106 
106 
106 
106 
106 
106 
106 
106 
106 
106 
106 
106 
106 
106 
106 
106 
106 
106 
106 
106 
106 
106 
106 
106 
106 
106 
106 
106 
106 
106 
106 
106 
106 
106 
106 
106 
106 
106 
106 
106 
106 
106 
106 
106 
106 
106 
106 
106 
106 
106 
111 
101 
111 
111 
111 
109 
106 
111 
111 
106 
98 
98 
98 
98 
106 
106 
98 
106 
106 
106 
98 
98 
98 
98 
98 
98 
98 
98 
98 
106 
106 
106 
106 
106 
98 
98 
106 
110 
106 
106 
98 
98 
98 
98 
98 
98 
98 
98 
98 
98 
98 
98 
98 
98 
106 
106 
106 
106 
106 
106 
106 
106 
106 
106 
106 
106 
106 
106 
106 
106 
106 
106 
106 
106 
106 
106 
106 
106 
106 
106 
106 
106 
106 
106 
106 
106 
17 
15 
1 
17 
106 
106 
106 
106 
106 
106 
106 
106 
106 
106 
106 
106 
106 
102 
106 
106 
106 
106 
106 
106 
106 
106 
106 
15 
15 
222 
100 
106 
100 
100 
15 
15 
15 
1 
15 
15 
15 
15 
15 
15 
15 
15 
15 
15 
15 
15 
15 
15 
15 
15 
15 
15 
15 
15 
15 
15 
15 
98 
98 
98 
98 
111 
111 
111 
111 
111 
98 
98 
98 
98 
98 
98 
98 
98 
98 
98 
98 
98 
98 
98 
98 
98 
98 
98 
98 
98 
1 
98 
98 
98 
98 
98 
98 
98 
98 
98 
98 
98 
98 
98 
98 
98 
98 
98 
98 
98 
1 
98 
98 
106 
106 
106 
106 
106 
106 
106 
106 
103 
106 
106 
106 
106 
106 
106 
106 
106 
106 
106 
106 
106 
106 
106 
106 
106 
106 
106 
106 
106 
106 
106 
106 
106 
106 
106 
106 
106 
106 
106 
106 
106 
106 
106 
106 
106 
106 
106 
1 
106 
1 
99 
106 
106 
106 
106 
106 
106 
106 
1 
101 
222 
222 
100 
100 
222 
100 
100 
100 
100 
100 
100 
100 
100 
100 
100 
100 
100 
15 
26 
100 
15 
15 
15 
15 
1 
16 
18 
15 
15 
15 
15 
15 
15 
13 
14 
13 
25 
14 
30 
25 
22 
13 
14 
30 
14 
14 
23 
23 
26 
23 
23 
23 
42 
42 
42 
42 
9 
9 
1 
9 
9 
9 
9 
9 
9 
9 
9 
9 
9 
9 
9 
9 
9 
1 
9 
1 
26 
1 
24 
28 
27 
23 
23 
29 
29 
29 
42 
26 
23 
23 
23 
21 
23 
19 
20 
21 
29 
19 
21 
29 
21 
21 
42 
29 
29 
29 
42 
42 
29 
42 
42 
42 
42 
42 
1 
1 
42 
42 
42 
42 
7 
3 
7 
3 
3 
1 
3 
3 
3 
3 
4 
4 
8 
1 
9 
3 
3 
3 
3 
3 
3 
3 
3 
4 
4 
4 
4 
9 
4 
8 
9 
9 
9 
9 
9 
9 
9 
9 
9 
9 
9 
9 
9 
9 
9 
9 
9 
9 
9 
1 
9 
9 
9 
9 
9 
9 
42 
42 
42 
33 
1 
42 
33 
42 
9 
75 
1 
75 
1 
1 
86 
86 
86 
75 
77 
77 
1 
77 
1 
91 
1 
91 
57 
94 
94 
89 
57 
64 
92 
93 
93 
93 
93 
64 
93 
63 
93 
1 
77 
1 
77 
77 
1 
77 
77 
87 
77 
77 
1 
77 
77 
77 
77 
77 
77 
68 
33 
68 
93 
93 
88 
1 
71 
1 
69 
90 
39 
39 
66 
33 
69 
40 
67 
88 
1 
67 
69 
67 
1 
9 
9 
9 
9 
9 
9 
9 
9 
9 
1 
9 
9 
9 
9 
9 
9 
9 
9 
9 
9 
9 
9 
9 
9 
9 
9 
9 
9 
42 
42 
42 
42 
9 
9 
9 
9 
9 
9 
9 
9 
9 
9 
9 
9 
9 
9 
9 
9 
42 
9 
9 
9 
9 
9 
42 
42 
42 
42 
42 
1 
42 
9 
9 
9 
9 
42 
42 
42 
42 
42 
42 
42 
42 
42 
42 
42 
42 
42 
42 
42 
42 
42 
42 
42 
42 
42 
42 
42 
42 
42 
42 
42 
42 
42 
42 
42 
42 
42 
42 
43 
42 
1 
42 
42 
42 
1 
42 
42 
1 
42 
42 
42 
42 
42 
42 
42 
42 
42 
42 
42 
42 
42 
42 
42 
42 
42 
42 
42 
1 
42 
42 
42 
1 
42 
42 
1 
1 
9 
9 
9 
9 
9 
9 
42 
9 
77 
77 
77 
77 
42 
77 
77 
77 
77 
76 
42 
76 
42 
52 
42 
52 
78 
42 
67 
42 
51 
42 
70 
51 
76 
79 
42 
42 
35 
36 
36 
36 
36 
35 
35 
35 
35 
35 
35 
35 
35 
35 
35 
35 
36 
35 
37 
31 
36 
36 
36 
36 
42 
42 
42 
42 
42 
42 
42 
42 
42 
42 
42 
42 
42 
42 
42 
42 
42 
42 
42 
1 
42 
42 
33 
33 
33 
33 
33 
33 
1 
40 
38 
32 
36 
1 
35 
1 
35 
1 
35 
37 
53 
54 
54 
54 
53 
35 
64 
54 
1 
63 
33 
65 
36 
63 
33 
64 
71 
35 
1 
33 
72 
1 
73 
1 
42 
1 
42 
1 
42 
42 
42 
42 
42 
42 
42 
42 
42 
42 
42 
42 
42 
42 
42 
42 
42 
42 
42 
1 
1 
42 
42 
42 
42 
42 
42 
42 
42 
42 
42 
42 
42 
42 
42 
42 
42 
42 
42 
42 
1 
42 
42 
42 
42 
1 
1 
42 
42 
42 
42 
42 
42 
42 
42 
42 
42 
42 
42 
42 
42 
42 
42 
42 
1 
42 
42 
42 
42 
42 
42 
42 
42 
42 
42 
42 
42 
42 
42 
42 
42 
42 
42 
42 
42 
42 
42 
42 
42 
42 
42 
42 
42 
42 
42 
42 
42 
42 
42 
42 
42 
42 
42 
42 
42 
42 
42 
42 
42 
42 
42 
42 
42 
42 
42 
42 
42 
42 
42 
42 
42 
42 
42 
42 
42 
42 
42 
42 
42 
42 
42 
42 
42 
42 
42 
42 
42 
42 
42 
42 
42 
42 
42 
42 
42 
42 
42 
42 
42 
42 
42 
42 
42 
42 
1 
42 
42 
42 
42 
42 
42 
42 
42 
42 
42 
42 
42 
9 
9 
9 
9 
9 
9 
9 
9 
9 
9 
9 
9 
1 
9 
42 
9 
9 
9 
42 
42 
42 
42 
1 
9 
9 
9 
9 
42 
12 
11 
1 
1 
9 
9 
9 
9 
9 
42 
42 
42 
42 
42 
42 
42 
42 
42 
42 
42 
1 
42 
42 
42 
42 
1 
42 
42 
42 
9 
9 
9 
9 
42 
9 
42 
42 
9 
10 
42 
9 
42 
2 
42 
9 
42 
42 
42 
42 
42 
42 
1 
42 
42 
42 
42 
42 
42 
42 
42 
42 
42 
42 
42 
1 
42 
1 
42 
42 
42 
42 
42 
42 
42 
42 
42 
42 
42 
42 
42 
42 
42 
42 
1 
42 
42 
42 
42 
42 
42 
42 
42 
42 
42 
42 
42 
42 
42 
42 
42 
11 
1 
42 
42 
42 
42 
42 
42 
42 
42 
42 
42 
1 
42 
42 
41 
42 
42 
42 
42 
1 
42 
42 
42 
42 
42 
42 
42 
42 
29 
42 
42 
42 
42 
42 
42 
42 
42 
42 
42 
42 
42 
42 
42 
42 
42 
42 
42 
42 
42 
42 
42 
42 
42 
42 
42 
42 
42 
42 
42 
42 
42 
42 
42 
42 
42 
42 
42 
42 
42 
42 
42 
42 
42 
42 
42 
15 
14 
14 
14 
30 
42 
42 
42 
42 
20 
20 
19 
20 
19 
19 
19 
42 
19 
42 
21 
42 
1 
42 
42 
42 
42 
42 
42 
42 
42 
1 
42 
