1411,1410,0.0336317
1490,1391,0.221387
2335,2331,0.206218
2330,2321,0.943468
2330,2329,0.930387
1501,1497,0.016323
1501,1499,0.903124
1272,1271,0.00676383
1293,1290,0.900417
1293,1292,0.901525
559,205,0.912347
559,263,0.902843
2325,1511,0.93845
2325,1513,0.33744
2325,2321,0.0393221
2325,2323,0.937652
2325,2324,0.945881
1402,1394,0.305102
1402,1399,0.926354
1282,1275,0.90212
1282,1281,1
537,475,0.914263
537,519,1
537,520,0.473662
1509,1505,0.0684204
1509,1507,0.909627
1497,1494,0.925016
562,263,1
562,265,1
562,267,0.903034
562,269,1
562,278,0.485848
558,198,0.933528
1513,1507,0.723163
1513,1509,0.204707
1513,1511,0.88593
1492,1489,0.257056
1492,1490,0.260036
1492,1491,0.925199
1515,1391,0.130022
1515,1421,0.285506
1515,1489,0.0303367
1515,1490,0.935
1515,1491,1
1515,1492,0.169816
1391,1389,0.170646
1391,1390,0.929462
1294,1292,0.0139262
1294,1293,0.00562198
1284,1271,0.902531
1284,1279,1
528,522,0.200937
528,526,0.129412
528,527,0.922956
2314,2312,0.952118
2338,2306,0.0679738
2338,2312,0.913148
2338,2314,0.0405735
2338,2337,0.774349
2337,2306,0.0140683
2337,2335,0.902249
1390,1389,0.0397576
1283,1278,1
1283,1281,0.418946
1283,1282,0.289174
1499,1497,0.502448
1415,1389,0.910751
1415,1410,1
522,520,0.901075
522,521,1
480,280,0.302675
480,478,0.381691
265,264,1
263,205,1
560,198,1
560,208,1
560,558,1
2334,2297,0.528209
2334,2301,0.0248078
2334,2304,0.109394
2334,2329,0.905973
2334,2330,0.904668
2326,2289,0.0460895
2326,2321,0.750591
2326,2324,1
2324,2286,0.202258
2324,2289,0.0302453
2324,2321,0.670672
2324,2323,1
2323,1511,0.18937
2323,1513,0.276582
2323,2286,0.118284
1498,1493,0.90046
1498,1495,0.0657333
1498,1496,1
1495,1491,1
1495,1492,0.917403
1495,1493,0.349192
1394,1294,0.900201
1394,1392,0.900781
490,475,0.159564
490,487,0.951207
490,488,0.943537
490,489,0.54343
1505,1499,0.910413
1505,1501,0.902953
1505,1503,0.919904
561,205,0.419756
561,208,1
561,211,1
561,559,1
561,560,1
1491,1489,0.0264856
1421,1387,0.00827
1421,1390,0.92775
1421,1391,0.919284
1421,1416,0.91398
1421,1419,0.0188795
1399,1394,0.90486
1399,1396,0.102787
1399,1397,0.0129366
1292,1289,1
1292,1290,0.00253016
1292,1291,1
1503,1499,0.518916
520,519,1
488,482,0.576098
488,484,1
488,487,1
484,478,1
484,480,0.303406
484,482,0.545724
278,264,1
278,265,0.567252
278,276,0.569784
278,277,1
2312,2306,0.0502703
2312,2311,0.0553221
1507,1432,0.304188
1507,1503,0.758709
1507,1505,0.140863
1496,1423,0.930552
1496,1424,0.910875
1496,1426,0.906878
1496,1493,0.931497
1489,1387,0.906438
1489,1421,0.0211588
1489,1450,0.900138
1416,1389,0.250206
1416,1390,0.922657
1416,1415,1
1406,1340,0.7375
1406,1399,0.0125004
1406,1402,0.903247
1406,1404,0.0389811
1392,1291,0.0199816
1392,1292,0.0193842
1392,1294,1
1275,1274,1
1281,1274,0.900482
1281,1275,0.901766
1281,1278,0.211178
1281,1280,1
1279,1270,0.0930336
1279,1271,0.134055
1511,1432,0.226266
1511,1507,1
481,280,0.904464
481,478,0.26802
481,479,1
481,480,0.104257
280,277,1
280,279,1
2315,2311,0.0384973
2315,2312,0.116366
2315,2313,0.0119312
2315,2314,0.945326
2304,2299,0.90545
2304,2301,0.325337
2329,2289,0.213142
2329,2297,0.912229
2329,2301,0.903306
2329,2321,0.220606
2329,2326,0.178124
1500,1424,0.576621
1500,1426,0.928135
1500,1496,0.55771
1404,1340,0.0353181
1404,1397,0.951773
1404,1399,0.0129473
1493,1423,0.239329
1493,1424,0.904255
1493,1453,0.00417649
1493,1491,0.306175
529,523,0.236028
529,525,0.482188
529,526,1
529,527,0.361619
521,520,0.901135
519,475,0.199409
519,489,1
519,490,1
2301,2295,0.900677
2301,2297,0.0114531
2301,2299,0.901553
1419,1387,0.189691
1419,1416,0.103673
1413,1342,0.0440973
1413,1372,0.904882
1413,1374,0.903648
1413,1408,0.339279
1408,1340,0.942721
1408,1342,0.00174483
1408,1397,0.929761
1408,1404,0.0233702
1408,1406,0.941179
1291,1289,1
1278,1276,1
527,521,0.183427
527,522,0.0561591
527,523,0.567532
527,525,1
527,526,0.344286
482,478,0.563642
2310,2304,0.913207
2310,2305,0.0430861
2310,2307,0.916989
2310,2309,0.380342
1517,1423,0.184688
1517,1450,0.907156
1517,1453,0.917962
1517,1489,0.776548
1517,1491,0.020618
1517,1493,0.219298
1517,1495,0.0954148
1396,1326,0.911476
1396,1328,0.0112742
1396,1392,0.000394697
1396,1393,0.0126676
1396,1394,0.907485
1270,1269,1
2313,2311,0.153227
2313,2312,0.0224197
2286,1432,0.35435
2286,1511,1
267,205,1
267,209,1
267,263,1
267,265,0.51939
267,266,0.634057
208,198,1
208,206,1
199,195,0.966055
199,196,0.943632
199,198,0.150197
2297,2289,0.0149547
2297,2295,0.00111358
1430,1428,0.942775
1428,1425,0.178551
1428,1426,0.0355377
1374,1342,0.00332279
1374,1372,0.406164
1342,1340,0.900554
1397,1328,0.0462964
1397,1340,0.149488
1397,1396,0.00501391
198,196,1
543,518,0.568257
543,521,1
543,522,0.5157
543,523,1
543,527,0.282753
543,538,1
269,264,1
269,265,1
269,266,1
269,267,1
269,268,1
2299,2291,0.0207567
2299,2295,0.902295
1426,1424,0.942907
1426,1425,0.0285858
1424,1423,0.904575
1453,1423,0.00708797
1453,1450,0.936688
1453,1451,0.000945915
1274,1244,0.90056
1274,1260,0.901661
1274,1262,0.913105
1280,1244,0.901223
1280,1246,0.901507
1280,1260,0.90335
1280,1274,0.901345
1280,1275,0.900816
1280,1276,0.199348
1280,1278,0.203123
1450,1387,0.90076
489,485,0.00234763
489,487,1
478,477,1
2309,2302,0.0145053
2309,2305,0.0448961
2309,2307,0.886192
2307,2291,0.414216
2307,2294,0.0452809
2307,2299,0.0644788
2307,2301,0.0818096
2307,2302,0.0328412
2307,2304,0.938524
1326,1325,0.0428236
1393,1291,0.10924
1393,1325,0.0915361
1393,1326,0.918239
1393,1392,0.495928
1276,1246,0.270652
211,205,1
211,206,1
211,208,1
211,209,1
211,210,1
525,523,0.419578
281,276,0.404559
281,277,1
281,278,1
281,279,1
281,280,0.920907
195,19,0.49812
195,194,0.49795
2295,2289,0.215997
2295,2291,0.304631
1384,1373,0.915769
1384,1374,0.900212
1384,1375,0.928651
1384,1383,0.906882
1375,1371,0.907487
1375,1372,0.405798
1375,1373,0.9412
1375,1374,0.111919
1372,1341,0.900554
1372,1342,0.912243
1372,1343,0.0929211
1372,1371,1
1343,1339,0.0142858
1343,1340,0.934058
1343,1341,0.575455
1343,1342,0.900825
1340,1328,0.126009
1340,1339,0.328088
1277,1206,0.228129
1277,1251,0.0361205
1277,1269,1
1277,1270,0.903879
1269,1206,0.546051
2289,2286,0.542315
1431,1429,0.907141
1487,1429,0.32454
1487,1430,0.166508
1487,1431,0.905149
1487,1478,0.0211353
1487,1485,0.903926
1451,1423,0.900421
1328,1326,0.0203512
538,518,0.910313
538,520,1
538,521,0.536447
538,530,1
538,535,1
538,536,1
536,489,1
536,519,1
536,520,1
536,530,1
536,532,0.13375
1262,1260,0.901041
1262,1261,0.0155999
1260,1244,1
1260,1248,0.00353166
1246,1244,0.945464
276,264,1
276,270,1
1339,1328,1
472,468,0.011924
472,469,0.0113037
487,482,1
487,483,1
487,485,0.00177862
487,486,0.391722
479,272,0.449639
479,279,0.920035
479,280,0.90085
479,476,1
479,477,0.486922
479,478,0.556165
2302,2294,0.90254
2285,1431,0.0469482
2285,1485,0.748832
2285,2283,0.160829
1427,1425,0.914011
1448,1379,0.186458
1448,1386,0.202063
1448,1388,0.156355
1388,1383,0.904103
1388,1384,0.659034
1388,1386,0.901231
1373,1371,0.135953
2294,2291,0.0132747
2294,2293,0.0704705
2293,2291,0.000767814
1341,1339,0.935808
2288,2283,0.228477
2288,2284,0.900238
2288,2285,1
523,518,0.274987
209,203,1
209,205,0.485147
196,194,1
196,195,0.91434
1478,1425,0.908222
1478,1427,0.932989
1478,1428,0.905372
1478,1429,0.00317514
1478,1430,0.00951761
1478,1473,0.905699
1475,1424,0.316752
1475,1425,0.919943
1475,1426,0.0203198
1475,1427,0.941446
1475,1458,0.438839
1475,1463,0.197266
1475,1469,0.900441
1475,1473,0.905199
1463,1423,0.901182
1463,1424,0.902213
1463,1426,0.255775
1463,1451,1
1463,1458,0.248696
1460,1452,1
1460,1455,0.900253
1371,1341,0.351493
1261,1252,0.903419
2291,2289,1
532,530,0.0812189
279,270,1
279,272,1
279,275,1
279,276,1
19,17,0.9068
19,18,0.32603
18,17,0.917844
1452,1445,0.900306
1452,1448,0.908408
1452,1449,1
1331,1327,0.7295
1331,1329,0.0230877
1329,1252,0.906639
1329,1261,0.912667
1329,1316,0.00359694
1329,1327,0.0116511
1251,1206,0.915767
1251,1245,0.793514
1251,1249,0.900682
1206,1205,0.00107106
2292,2284,0.0101647
2292,2288,0.292399
486,483,1
1383,1373,0.210517
268,257,1
268,261,0.415287
268,264,1
268,266,1
206,196,1
206,197,1
206,198,1
206,201,1
1485,1429,1
1485,1431,0.153954
1485,1481,0.589487
1485,1483,0.891511
1386,1379,0.00480163
1386,1383,0.90356
1345,1332,0.569444
1345,1344,0.0677599
1263,1242,0.0875298
1263,1244,0.00170271
1263,1248,0.0959462
1263,1252,0.901294
1263,1255,1
1263,1260,0.00760193
1263,1261,0.877202
1263,1262,0.00393929
1248,1242,1
1248,1244,0.00061128
1248,1246,0.00833933
483,477,0.407594
483,478,1
483,482,0.344648
194,17,1
194,19,0.90781
194,191,1
2284,2283,0.901319
2283,1431,0.0781572
2283,1485,0.265709
1473,1427,0.904248
1473,1429,0.113769
1473,1458,0.0159572
1473,1469,0.0502545
1449,1379,1
1449,1386,0.0208884
1449,1443,0.905511
1449,1445,0.904164
1449,1448,0.372737
1376,1345,1
1376,1363,0.0143447
1376,1364,0.900229
1376,1367,0.558826
1344,1323,0.00143058
1344,1327,0.0300648
1344,1331,0.91762
1344,1332,0.0219776
1344,1335,0.120103
1316,1252,0.558893
1481,1429,0.906272
1481,1473,0.546941
542,523,1
542,524,0.901757
542,525,0.348333
542,540,1
469,467,1
469,468,1
210,201,0.928876
210,203,1
210,204,1
210,206,1
210,209,1
1455,1445,0.0361363
1455,1449,0.638265
1455,1452,0.385725
1363,1332,0.00803061
1363,1338,0.011796
1363,1345,0.901158
1249,1204,0.900525
1249,1206,0.900541
1249,1240,0.403109
1249,1241,0.0695822
1249,1245,0.0228121
1205,1204,0.00138938
261,257,0.918414
477,476,0.335353
266,203,1
266,209,1
266,210,1
266,257,1
266,258,1
2030,16,0.914415
2030,18,0.805644
2030,2026,0.909533
1327,1316,0.928373
1327,1319,0.00677125
1327,1321,0.902264
1327,1323,0.903257
535,518,0.924843
535,530,1
535,533,1
282,264,1
282,268,1
282,270,0.925507
282,274,1
282,276,0.903172
2317,1483,0.916114
2317,1485,0.0261464
2317,2283,0.251014
1482,1471,0.000665204
1482,1474,0.00122549
1482,1480,0.904233
1469,1427,0.325516
1469,1458,0.90036
1323,1321,0.906565
1245,1204,0.901719
1245,1205,0.00411294
1245,1206,0.902094
1245,1240,0.0146209
1483,1429,1
1483,1481,1
471,443,0.909705
471,459,0.946698
471,468,0.917363
1474,1467,0.900652
1474,1471,0.00165563
1470,1457,0.900797
1470,1459,0.901349
1470,1465,0.0103267
1470,1467,0.196964
1445,1443,0.901334
1445,1444,0.00956498
1377,1364,0.90068
1377,1368,0.900888
1377,1376,1
1335,1321,0.901354
1335,1323,0.000884714
1335,1332,0.903897
1335,1333,1
1319,1252,0.907412
1319,1257,0.00193174
1319,1259,0.00940703
1319,1316,0.904196
476,272,0.911933
1443,1379,0.900618
1484,1480,0.0201106
1484,1482,0.442763
197,191,1
197,193,1
197,194,1
197,196,1
2023,16,0.463631
2023,2016,1
2023,2020,1
2023,2022,0.90045
2022,1987,1
2022,2016,0.904569
1459,1455,1
1459,1456,0.901207
1459,1457,0.934602
1456,1444,0.149319
1456,1445,0.00253795
1456,1454,0.00220316
1456,1455,0.351377
1364,1363,0.0280431
1338,1332,1
1338,1333,0.90074
1338,1335,0.900944
1338,1336,0.900534
1259,1252,0.000744955
1259,1253,0.905756
1259,1255,0.90024
1259,1257,0.00808316
1255,1242,0.102536
1255,1248,0.111808
1255,1252,0.839078
1255,1253,0.900293
1204,1203,0.00207888
2031,17,1
2031,18,0.914969
2031,19,0.903701
2031,2026,1
2031,2029,1
2031,2030,0.274898
1480,1471,0.00292682
468,440,0.902782
468,443,0.924649
468,444,0.916582
468,467,1
467,440,0.915438
203,202,1
1367,1338,1
1367,1363,0.0736777
1367,1364,0.149907
1367,1365,0.901883
1321,1317,0.00213742
1321,1319,0.0748291
1253,1242,0.900164
540,518,0.32477
540,523,1
540,524,1
540,533,0.796152
540,535,1
540,539,0.560726
275,270,0.363122
275,272,1
275,273,0.0333806
1471,1467,0.921086
1457,1441,0.00689919
1457,1454,0.00266881
1457,1456,0.900819
1324,1318,0.900243
1324,1320,1
1324,1322,0.900222
1256,1241,0.150716
1240,1203,0.0720695
1240,1204,0.0309518
1240,1239,0.514166
1208,1207,1
470,241,0.912471
470,255,1
470,440,0.923463
470,467,1
255,241,0.918811
255,254,0.382256
274,259,1
274,261,0.539871
274,262,1
274,268,1
274,270,1
274,273,0.0684462
1467,1465,0.00174363
1378,1359,0.517191
1378,1368,0.356302
1378,1377,0.90081
1368,1349,0.0771198
1368,1352,0.90133
1368,1355,0.900558
1368,1364,0.13436
1368,1365,0.902626
1368,1367,0.26216
1320,1318,0.900194
1257,1253,0.0936483
1267,1207,1
1267,1208,1
524,516,0.719334
254,242,0.0368594
191,17,1
273,259,0.0188472
273,270,0.0131598
1444,1443,0.0622093
1333,1321,0.353094
473,462,0.000236016
201,193,0.465967
201,197,0.339505
201,200,0.392298
1465,1441,0.911073
1465,1457,0.00246264
1465,1459,0.0280863
1454,1440,0.00211763
1454,1441,0.00478672
1454,1444,0.900746
1365,1336,0.0266574
1365,1338,0.181032
1365,1349,0.900542
1442,1357,0.0916598
1442,1359,0.907887
1442,1378,0.437758
1442,1435,0.901983
1442,1439,1
1336,1333,0.922818
262,257,1
262,258,1
262,259,1
262,260,0.361107
262,261,0.909727
204,200,1
204,201,0.905369
204,202,1
204,203,1
2020,2016,1
1447,1439,0.385655
1447,1442,0.801071
1380,1352,0.900939
1380,1355,0.901959
1380,1359,0.0003669
1380,1368,0.901135
1380,1378,0.00452706
533,502,1
533,530,1
533,531,0.904989
443,441,0.900313
2016,1987,0.9023
1987,1985,0.356065
1441,1440,0.570407
1352,1349,0.275748
1322,1297,0.0302869
1322,1299,0.00695415
1322,1318,0.357198
1318,1214,0.00169044
1318,1258,0.901899
1318,1297,0.00182778
1254,1210,0.900199
1254,1211,0.900408
1254,1213,0.906633
1254,1241,0.0212705
1241,1210,0.900805
1241,1211,0.900328
1241,1239,0.901563
1241,1240,0.903183
1239,1203,0.414639
1239,1209,0.100969
1239,1211,0.905271
1207,1199,0.00202735
1207,1202,0.902735
459,441,0.900344
459,443,0.917252
459,457,0.900164
271,252,0.36773
1355,1352,0.107233
541,512,1
541,516,1
541,517,0.900554
541,524,0.525707
541,539,1
541,540,1
474,462,0.901668
474,465,0.00199868
474,473,0.431712
258,202,1
258,203,1
258,256,1
258,257,1
2026,16,1
2026,2020,1
2026,2021,1
2026,2023,1
2026,2024,1
1337,1302,0.0254539
1337,1304,0.0498444
1337,1334,0.900898
1334,1299,0.00532427
1334,1302,0.139223
1334,1304,0.0803876
1334,1322,0.346973
1258,1213,0.00955743
1258,1214,0.900952
1258,1215,0.167756
1258,1241,0.192877
1258,1254,0.0115639
1209,1203,0.900207
539,502,1
539,512,0.901528
539,516,1
539,533,1
440,241,1
440,439,0.928692
193,191,1
193,192,0.453631
1985,1980,0.903197
1985,1984,0.903096
1439,1357,0.396374
1439,1359,0.900306
1439,1433,0.00173091
1439,1435,0.000434138
1369,1350,0.794636
1369,1353,0.901543
1369,1354,0.00704688
1369,1356,1
1369,1366,1
1366,1304,0.819526
1366,1337,0.0497659
1366,1350,0.781544
2029,17,1
2029,2024,1
2029,2026,1
2029,2027,1
202,190,1
202,200,1
1433,1357,0.00028066
516,512,1
531,502,1
531,503,1
531,530,1
1982,1978,0.902011
1982,1980,0.903159
1359,1355,0.0369942
1359,1357,0.0258289
1297,1214,0.0261916
1211,1209,0.00224725
1211,1210,0.906359
1213,1210,0.900146
444,439,0.929742
444,440,0.927752
444,441,0.250164
444,442,0.900166
444,443,0.550443
242,226,0.948072
242,239,0.945071
242,240,1
226,224,0.344889
2082,17,1
2082,191,1
2082,193,1
2082,2027,1
2082,2029,1
2082,2081,1
2021,2016,1
2021,2018,0.510474
2021,2020,0.90578
2017,1986,1
2017,1987,0.915061
2017,1988,1
2017,2015,1
2017,2016,1
1988,1984,0.27711
1988,1985,0.908078
1988,1986,1
1988,1987,0.446941
1435,1357,0.00974875
1435,1359,0.902807
1435,1433,0.252666
1353,1350,0.0248603
1353,1351,0.0336742
260,256,1
260,258,0.328652
260,259,0.274887
1299,1297,0.923685
1299,1298,0.900611
1298,1214,0.000895475
1298,1297,0.900731
1302,1299,0.000513638
1302,1301,0.901944
446,241,0.395572
446,243,0.924916
446,439,0.925334
446,440,0.94305
241,240,0.0349089
200,190,1
200,192,0.404797
200,193,1
1236,1212,0.900313
1236,1227,0.901889
1226,1200,0.00225852
1226,1202,0.905825
1226,1225,0.00627896
256,190,1
256,202,1
1356,1353,0.00480827
1356,1354,0.901766
1354,1346,0.000790928
1354,1351,0.00440968
1354,1353,0.00372009
1350,1303,0.900916
1350,1304,0.902783
1350,1348,0.900948
1304,1301,0.902914
1304,1302,0.904765
1304,1303,0.90065
1202,1197,0.902419
1202,1199,0.00482815
1202,1200,0.0151716
1215,1213,0.0010637
1215,1214,0.903482
517,512,0.29247
517,514,0.515893
517,516,0.490624
457,441,0.921624
2027,2012,1
2027,2024,1
2018,2015,1
2018,2016,1
2018,2017,1
1980,1978,1
1980,1979,1
1191,1188,0.00513702
1191,1190,0.900413
1351,1346,0.00883439
1351,1348,0.00101024
1351,1350,0.84636
1228,1202,0.87662
1228,1225,0.901636
1228,1226,0.00266352
1228,1227,1
1348,1300,0.000254627
1348,1303,0.900713
1348,1346,0.00145804
439,243,0.57538
227,223,0.024847
227,225,0.0262762
248,173,1
248,189,0.645692
248,223,1
2083,192,0.913618
2083,193,1
2083,2076,1
2083,2078,1
2083,2081,1
2083,2082,1
2024,2021,1
1984,1979,0.900584
1984,1980,0.906172
1303,1300,0.0123003
1303,1301,0.133658
1314,1310,0.0407242
1314,1311,0.901846
1314,1313,0.0904035
1311,1295,0.563946
1311,1309,0.247604
1311,1310,0.262528
239,221,0.946381
239,224,0.933633
239,226,0.254684
239,238,1
1978,1191,0.900328
1978,1977,1
1309,1237,0.0038213
1309,1295,0.901413
1225,1195,0.900794
1225,1200,0.00495101
1225,1218,0.682892
1200,1195,0.900587
1200,1197,0.906125
223,173,1
223,222,0.913723
460,457,0.0366874
512,502,1
512,503,0.902586
464,462,0.900379
2081,2012,1
2081,2027,1
2081,2076,1
2025,1998,1
2025,2010,1
2025,2018,1
2025,2019,1
2025,2021,1
2025,2024,1
2015,1967,0.828511
2015,1986,1
2015,1996,1
1986,1967,1
1986,1984,0.401112
1188,1164,1
1361,1313,0.901031
1310,1295,0.902836
1310,1307,0.900655
1227,1212,0.912762
1227,1218,0.313804
1227,1222,0.33399
1227,1225,0.903122
1197,1195,0.90097
1198,1193,1
2085,190,1
2085,200,1
2085,2079,1
2085,2084,1
503,502,1
2084,192,0.472265
2084,200,1
2084,2078,1
2084,2079,1
2084,2083,1
1977,1190,1
1977,1191,0.902839
1977,1956,1
1313,1310,0.164775
1313,1312,0.90056
1295,1237,0.00453556
1237,1212,0.907326
1237,1231,0.908136
1237,1232,0.903179
1237,1234,0.0593295
498,464,0.00136569
442,439,0.900191
442,441,0.450227
243,240,0.0189325
243,241,0.925375
240,235,1
240,238,0.908521
240,239,0.930324
461,441,0.901143
461,442,0.906525
461,451,0.00296915
461,457,0.901832
461,458,0.0378701
461,460,0.0189738
173,172,0.404239
2019,1996,1
2019,1998,1
2019,2015,1
2019,2018,1
1979,1960,1
1979,1978,1
1231,1212,0.0895952
1231,1222,0.900639
1231,1227,0.25569
1231,1229,0.903796
1312,1307,0.0976494
1312,1310,0.901128
1218,1195,0.0122237
1218,1200,0.0013927
1218,1216,0.900789
458,432,0.901515
458,433,0.900424
458,441,0.00106064
458,442,0.00481308
458,451,0.902316
224,219,1
224,221,0.498674
2079,2078,1
2076,2012,1
1222,1212,0.900511
1222,1216,0.497675
1222,1218,0.855822
1222,1220,0.900424
445,243,0.563239
445,436,0.0088891
445,438,0.000993176
445,439,0.900228
445,442,1
514,512,1
514,513,0.660612
513,501,0.900965
513,503,0.900253
513,511,1
513,512,1
221,219,0.900251
189,162,0.930947
189,165,0.905063
189,171,1
189,172,0.904604
189,173,1
2078,2076,1
2078,2077,1
2028,2010,1
2028,2012,1
2028,2013,0.402457
2028,2024,1
2028,2025,1
2028,2027,1
1981,1956,1
1981,1960,1
1981,1977,1
1981,1978,0.523717
1981,1979,1
1190,1164,1
1190,1167,1
1190,1188,0.263533
1189,1164,1
1189,1165,1
1189,1186,1
1189,1187,0.67575
1189,1188,0.900579
1187,1160,0.90128
1187,1185,0.0675558
1187,1186,1
1156,1155,0.900725
1307,1295,0.901453
1307,1305,0.00128061
1307,1306,0.902783
1306,1234,0.00349468
1306,1237,0.00466379
1306,1295,0.133263
1306,1305,0.00569583
447,436,0.0539767
447,438,0.143215
447,445,0.0142558
238,221,0.912328
238,230,1
238,231,0.373944
238,235,0.901335
1996,1967,1
1996,1972,1
1996,1986,1
1185,1155,0.174727
1185,1156,0.146651
1185,1158,0.901236
1185,1160,0.900846
1232,1229,0.0432795
1232,1231,0.902781
1234,1232,0.00488138
171,161,0.946572
171,162,0.922358
171,165,0.917372
1194,572,0.900536
1194,1192,0.901586
1305,1234,0.00142415
1229,1220,0.299499
1229,1222,0.900547
1220,1216,0.900471
225,217,0.927747
225,220,0.916142
225,222,1
225,223,0.905638
222,170,0.954666
222,172,0.560552
222,173,0.904799
222,217,0.957304
172,165,0.596548
172,170,0.957799
172,171,1
162,161,0.524399
2010,1997,0.858031
2010,1998,1
2010,2009,1
1989,1960,1
1989,1967,1
1989,1968,0.475261
1989,1970,1
1989,1979,0.901689
1989,1980,0.900715
1989,1984,0.900199
1989,1986,1
1186,1160,0.57208
1186,1164,1
1186,1165,1
1233,1230,0.0165532
1219,572,0.900385
1219,1194,0.0118084
1219,1196,0.114227
1219,1217,0.901761
1998,1996,1
1998,1997,1
1230,581,0.00660934
2077,2012,0.658562
2077,2075,0.243244
2077,2076,0.427327
1960,1954,1
1960,1956,1
1960,1958,1
1956,1167,1
1956,1190,1
1956,1954,1
1155,1129,0.00207573
1155,1154,0.419611
1129,1128,0.00274291
1196,571,0.0136326
1196,572,0.900508
1196,1193,0.244759
1196,1194,0.00112267
581,578,1
235,230,0.943422
235,234,0.902486
183,181,1
1192,571,0.00651917
1192,572,0.900582
501,500,0.188718
451,432,0.902463
451,441,0.000215379
428,234,0.905884
428,235,0.780271
1160,1158,1
1160,1159,0.636149
1221,578,0.0223027
1221,581,0.0181957
1221,1217,0.70092
1221,1219,0.901264
1217,572,0.901933
1217,577,0.105664
1217,578,0.0812971
515,505,0.440605
515,507,1
515,511,0.246672
515,513,1
515,514,1
2075,2011,1
2075,2012,0.900695
2075,2013,0.911503
1970,1967,0.878513
1970,1968,0.226904
504,500,0.900948
504,501,0.000737891
578,577,0.902241
572,571,0.90064
438,436,0.906096
230,228,0.902875
253,246,0.900304
253,250,0.0181651
2013,2009,0.570889
2013,2010,0.408736
2013,2011,0.931282
2013,2012,0.440334
2000,1967,1
2000,1972,1
2000,1996,1
2000,1997,1
2000,1998,1
2000,1999,1
1972,1967,1
1972,1970,1
1972,1971,1
1167,1164,1
1167,1165,1
1167,1166,1
1158,1154,1
1158,1155,0.48147
1158,1157,1
557,507,1
557,514,1
557,515,1
557,555,1
511,500,0.543216
511,501,0.903358
511,505,1
511,507,0.212314
165,161,0.931971
1165,1159,1
1165,1160,1
1165,1163,1
1165,1164,1
577,572,0.0233664
250,246,0.109755
454,451,0.900581
454,452,1
432,430,1
432,431,0.541291
220,217,0.320966
184,179,1
184,180,0.470817
184,181,0.940621
184,183,0.924176
1957,1166,1
1957,1167,1
1957,1954,1
1957,1955,1
1957,1956,1
1154,1129,0.00614815
1154,1150,1
1154,1153,1
1139,1137,0.900428
575,569,0.00216545
575,573,0.000579769
245,220,0.0524554
2009,1997,1
573,569,0.000796645
429,234,0.901762
429,426,0.903227
429,428,0.900222
231,213,0.93216
231,219,0.934829
231,221,1
231,228,0.904603
231,230,0.950328
219,213,1
181,14,0.922196
181,176,1
181,177,0.94674
181,179,0.92882
1958,1954,1
433,431,0.0270358
433,432,0.0537544
170,165,0.946569
170,168,0.929731
170,169,1
1971,1962,1
1971,1965,1
1971,1968,0.363412
1971,1970,1
1968,1958,0.926277
1968,1960,0.912355
1968,1962,0.356787
1159,1157,1
1159,1158,1
1150,1128,0.549074
1150,1129,0.00138218
1150,1141,0.444055
1150,1143,0.629556
1143,1128,1
1143,1139,0.902893
1143,1141,0.900499
492,491,0.900324
426,234,0.900337
455,453,0.516443
234,230,0.902201
234,232,0.917784
217,168,0.593795
217,170,1
217,215,0.923798
217,216,0.0188333
180,179,0.522799
1157,1153,1
1157,1154,1
213,212,0.901491
169,164,0.0410268
169,165,0.949689
169,166,0.955124
169,167,0.054277
169,168,0.955995
187,180,0.0406117
187,184,0.0206214
187,186,0.0310883
2011,2002,1
2011,2009,1
1999,1965,1
1999,1971,1
1999,1972,1
1999,1991,1
1166,1161,0.507107
1166,1162,1
1166,1163,0.550774
1166,1165,1
1163,1159,1
1163,1161,1
949,948,0.902167
216,168,0.0510362
216,214,0.904114
216,215,0.932736
232,228,0.910943
232,230,0.903003
166,161,0.955091
166,164,0.0574644
166,165,0.944076
507,505,0.410732
507,506,1
2001,1991,1
2001,1995,1
2001,1997,1
2001,1999,1
2001,2000,1
1955,1162,1
1955,1166,0.901125
1955,1951,1
1955,1954,1
1137,949,0.180638
1137,950,1
1137,1131,1
452,430,0.900972
452,432,0.900361
452,449,0.900607
452,451,0.900622
505,500,1
228,213,0.904667
1959,1951,1
1959,1953,1
1959,1954,1
1959,1955,1
1959,1958,1
1153,1148,1
1153,1150,1
1153,1151,1
1141,1137,1
1141,1139,0.900961
168,167,0.042248
555,506,1
555,507,1
555,554,0.900461
495,493,0.15376
495,494,0.901697
427,233,0.396918
427,237,0.244452
427,426,0.90098
164,49,0.913366
164,163,1
179,176,0.950139
179,178,0.926075
1969,1953,1
1969,1958,1
1969,1959,1
1969,1962,1
1969,1963,0.380514
1969,1968,1
1151,1141,0.813113
1151,1143,1
1151,1145,0.122233
1151,1148,1
1151,1150,1
491,450,0.901266
491,453,1
491,455,0.274819
491,456,0.903492
453,450,0.901811
236,147,0.0020496
236,212,0.00619475
236,216,0.901431
236,218,0.490025
176,14,0.232899
176,174,1
177,14,0.560591
177,15,0.412642
177,174,0.911541
177,175,1
177,176,0.924936
15,14,0.26656
1178,1157,1
1178,1159,0.793427
1178,1171,0.901307
1178,1175,0.900604
1178,1176,1
948,942,0.900327
186,178,0.939149
186,179,0.918968
186,180,1
186,185,1
233,228,0.902542
233,229,0.904538
233,232,0.907272
2014,1995,0.960821
2014,1997,1
2014,2001,0.930913
2014,2002,0.701566
2014,2005,1
2014,2009,1
2014,2011,0.629347
1991,1965,1
1991,1966,1
1965,1962,1
1176,1148,1
1176,1153,1
1176,1157,1
1176,1171,1
1176,1172,1
1176,1175,1
1184,1159,1
1184,1161,1
1184,1163,1
1184,1175,1
1184,1178,1
1184,1181,1
950,942,1
950,944,1
950,948,0.908786
950,949,0.900506
1162,1161,1
509,500,0.109891
509,505,0.905499
509,508,0.0557768
493,456,0.903571
493,491,1
229,141,0.00475717
229,142,0.0102981
229,147,0.00690262
229,212,0.905558
229,213,0.901067
229,228,0.903975
212,142,0.00586395
212,147,0.0594789
167,50,0.946561
167,124,1
167,163,0.951516
167,164,0.934045
1142,1131,1
1142,1132,1
1142,1134,0.900433
1142,1137,1
1142,1141,0.293741
1131,944,0.545102
1131,950,1
554,506,0.910641
449,377,0.90076
449,378,0.900486
449,430,0.906859
430,357,0.90102
430,378,0.90065
431,357,0.908748
431,430,1
434,237,0.902293
218,127,0.908544
218,147,0.00456633
218,214,0.921424
218,216,0.900752
214,125,0.0113162
214,127,0.902777
2005,1993,1
2005,1995,1
2005,2002,1
2005,2003,1
1953,1950,1
1953,1951,1
1953,1952,0.74239
1951,1162,1
1951,1183,0.849831
1951,1950,1
506,505,0.36295
496,494,0.0497619
496,495,0.901455
450,380,1
1995,1991,1
1995,1992,1
1995,1993,1
1963,1952,0.905979
1963,1953,0.195837
1963,1961,0.954329
1963,1962,0.392998
1145,1134,0.917598
1145,1141,0.0528643
1145,1142,1
1134,1132,0.550412
1175,1171,0.792111
1175,1173,1
456,380,0.901355
456,385,0.913365
456,450,1
163,43,1
163,48,0.914354
163,49,0.929635
163,50,0.413995
1181,1161,1
1181,1162,1
1181,1173,1
1181,1175,1
1181,1179,1
1148,1145,0.220211
1148,1146,1
1148,1147,1
2008,2002,1
2008,2003,1
2008,2005,1
2008,2006,1
2008,2007,1
494,385,0.900964
494,456,0.267046
494,493,0.560006
437,360,0.443709
437,382,0.188115
437,434,0.00306359
437,435,0.910215
437,436,0.441993
215,125,0.337756
215,168,0.0402152
215,214,0.118904
175,61,1
175,174,1
1992,1964,1
1992,1965,1
1992,1966,1
1992,1990,1
1992,1991,1
1966,1961,1
1966,1962,1
1966,1963,0.367471
1966,1964,1
1966,1965,1
1132,943,0.495891
1132,944,0.511844
1132,1130,1
1132,1131,1
944,942,1
944,943,0.115616
378,356,0.00189685
378,357,0.900338
378,377,1
508,422,1
508,505,1
508,506,0.409103
497,404,0.00261126
497,494,0.00501286
497,496,0.902537
377,356,0.000517257
50,43,0.922012
50,46,1
178,64,1
178,174,0.929909
178,176,0.440811
174,61,1
174,64,0.402173
2003,1993,1
1950,1183,0.719204
1171,1148,1
1171,1169,1
1135,1130,0.900695
1135,1132,0.900727
1135,1133,0.902371
1135,1134,0.395602
357,356,0.00267708
435,360,0.344432
435,361,1
435,434,0.0062526
125,123,0.482919
124,46,0.933991
124,50,0.91516
124,120,1
185,64,0.913422
185,75,0.475048
185,178,0.952762
185,179,0.909738
1183,1161,1
1183,1162,1
1183,1179,1
1183,1181,1
1183,1182,1
1146,1133,0.867399
1146,1134,1
1146,1135,0.48827
1146,1144,1
1146,1145,0.904674
946,941,0.902206
946,942,0.0786235
946,943,0.855624
946,944,0.0930659
385,380,1
1993,1929,1
1993,1990,1
1993,1992,1
1173,1169,1
1173,1171,1
1172,1147,1
1172,1148,1
1172,1169,1
1172,1171,1
145,141,0.913913
145,142,0.901177
147,122,1
147,126,0.0310663
147,127,0.0269287
147,142,0.900987
49,48,1
1964,1871,1
1964,1924,1
1964,1961,0.598543
1961,1871,0.411207
1961,1952,1
1961,1953,0.8063
1952,1950,1
1952,1951,1
556,425,1
556,506,1
556,510,0.906999
556,553,1
556,554,1
510,422,0.128527
510,425,1
510,506,0.900672
510,508,0.243835
404,385,0.0073149
404,399,1
404,400,1
404,403,0.90027
1179,1123,1
1179,1173,1
1179,1174,1
943,941,0.0646936
943,942,0.109571
382,360,0.901941
382,364,0.901505
142,122,1
142,139,0.900982
142,141,0.905442
2007,1929,1
2007,1931,1
2007,1932,1
2007,2003,1
2007,2004,0.478576
2007,2006,1
1990,1924,0.921604
1990,1926,0.953291
1990,1964,1
1973,1182,0.841317
1973,1183,1
1973,1880,0.693927
1973,1950,0.379103
1133,1016,1
1133,1034,1
1133,1130,1
1133,1132,1
1130,943,0.900527
1130,947,0.722188
1130,1016,1
1130,1019,1
413,392,0.0019058
413,412,0.900645
1144,1034,1
1144,1036,1
1144,1040,1
1144,1133,1
360,359,0.900459
361,359,0.900246
361,360,0.902897
127,123,0.900266
127,126,0.935642
75,62,0.918635
75,64,0.947039
75,73,0.908373
61,59,0.910534
61,60,1
2004,1929,0.522193
2004,1932,0.578332
2004,1993,0.925297
2004,1994,0.913388
2004,2003,0.519096
1994,1926,1
1994,1929,1
1994,1990,0.535712
1994,1993,1
1975,1880,1
1975,1884,0.912341
1975,1950,0.406418
1975,1952,1
1975,1973,1
1147,1034,0.598592
1147,1036,1
1147,1040,0.691532
1147,1144,0.601376
1147,1146,0.841045
400,384,1
400,385,0.00333631
400,399,0.905899
1182,1123,1
1182,1126,1
1182,1179,1
46,43,0.923961
46,45,0.465842
43,42,0.538565
1976,1871,0.333623
1976,1884,1
1976,1893,1
1976,1952,0.915194
1976,1961,1
1976,1975,0.911542
1169,1036,1
1169,1109,1
1169,1111,1
1169,1147,1
947,933,1
947,943,0.903036
947,945,1
1174,1111,1
1174,1123,1
1174,1124,1
1174,1169,1
1174,1173,1
403,398,0.356599
403,399,0.538183
403,401,0.900849
403,402,0.900308
146,141,0.900777
146,143,1
146,144,1
146,145,1
141,139,1
120,46,0.933106
120,119,1
48,42,1
48,43,0.937662
48,47,0.226394
64,58,0.913569
64,60,0.933257
64,61,0.929292
64,62,0.917187
1123,1111,0.890751
60,58,0.936955
60,59,0.921072
1924,1871,1
1924,1923,1
945,930,1
945,933,1
945,941,0.146729
945,943,0.904863
383,363,0.0302642
383,364,0.900597
383,382,0.911211
399,379,0.467892
399,384,1
399,398,0.901061
364,358,0.00104265
364,359,0.901868
364,360,0.901488
364,363,0.00119474
1931,1930,0.840269
1929,1925,1
1929,1926,1
1929,1928,1
359,358,0.00557856
126,123,0.900308
553,425,1
553,551,1
384,368,0.900554
384,376,0.902183
384,379,0.900214
119,45,0.94748
119,46,0.429206
119,107,0.948455
119,118,0.930806
1926,1923,1
1926,1924,1
1926,1925,1
1893,1871,1
1893,1882,1
1893,1884,1
1893,1891,1
1884,1878,0.569652
1884,1880,1
1884,1882,1
1880,1182,1
1880,1878,1
1036,1034,1
1036,1035,1
1034,1016,1
1126,1123,1
1126,1124,1
1126,1125,1
425,422,0.467567
425,423,1
47,36,0.233651
47,42,0.398314
1932,1928,1
1932,1929,1
1932,1930,1
1932,1931,1
1881,1125,0.876895
1881,1126,1
1881,1182,1
1881,1878,0.459171
1881,1880,1
1111,1109,1
1111,1110,1
930,928,1
73,62,0.183967
376,363,0.903292
376,368,0.900433
391,389,0.90133
391,390,0.125871
1940,1871,0.91164
1940,1894,0.924593
1940,1923,0.639021
1940,1924,0.511265
1940,1939,1
1109,1036,1
1109,1108,1
1019,933,1
1019,947,1
1019,1016,1
1019,1017,0.903517
933,928,1
933,930,1
933,931,0.54157
62,58,0.941538
402,397,0.511836
402,401,0.503626
401,395,1
401,397,1
401,398,1
363,355,0.908227
45,33,0.934045
45,42,0.937828
45,43,1
45,44,0.491515
59,58,0.54656
1124,1110,1
1124,1111,1
1124,1122,1
1124,1123,1
1040,1034,1
1040,1035,1
1040,1036,1
1040,1037,1
1040,1038,1
1021,1016,0.2915
1021,1017,0.900343
1021,1019,0.90146
1021,1020,0.901015
144,135,1
144,143,0.903041
118,107,0.945083
118,108,0.942469
66,63,0.117033
66,65,0.909691
551,423,1
551,425,1
551,547,0.923079
398,375,0.553619
398,379,0.311276
398,395,0.900553
139,122,0.909206
139,130,1
139,131,0.910251
1882,1878,0.335726
1882,1880,1
1878,1125,1
121,108,0.905627
121,116,0.919243
121,118,1
358,353,0.901127
44,31,0.941979
44,33,0.922189
44,36,0.297969
44,42,0.372715
42,31,0.921154
42,36,1
1894,1871,1
1894,1888,1
1894,1891,1
1894,1893,1
1038,1014,1
1038,1016,0.741274
1038,1020,0.0152557
1038,1021,0.105465
1038,1034,1
1038,1037,1
928,923,1
1930,1927,1
1930,1928,1
1891,1882,0.526542
397,395,1
379,368,0.914775
379,371,0.900162
379,375,0.900259
381,355,1
381,363,0.903446
381,368,0.900503
381,372,1
381,373,0.515205
381,376,0.905037
74,37,0.903228
74,53,0.904894
74,63,1
74,69,0.90232
63,53,0.920586
1928,1925,1
1928,1927,0.433978
1110,1108,1
1110,1109,1
1108,1035,0.376756
1108,1036,0.507862
1108,1039,1
1108,1106,0.837752
1017,931,0.525837
1017,933,1
1017,1010,1
931,928,1
931,929,0.90241
931,930,0.433133
107,33,0.92498
107,45,0.93882
1125,1117,1
1125,1122,1
1125,1124,1
424,419,0.000932531
424,423,0.900611
143,130,0.912771
143,134,1
143,135,0.903867
143,139,0.912948
143,141,0.900578
36,31,0.914502
2055,1927,0.926993
2055,1930,0.190874
2055,2053,0.913968
1941,1923,1
1941,1925,1
1941,1926,1
1941,1938,1
1941,1939,1
354,346,0.900185
354,350,1
362,346,0.900444
362,353,0.903013
362,354,1
362,358,1
1939,1888,1
1939,1894,1
1939,1923,1
1939,1934,1
1939,1938,1
547,419,0.01687
547,423,1
423,419,0.00690126
421,410,0.903638
421,411,0.903258
131,111,0.553047
131,112,0.501904
131,122,1
131,130,0.902585
1122,1110,1
1122,1116,1
1122,1117,1
1039,1032,1
1039,1035,0.561355
1039,1037,1
1020,1010,0.900325
1020,1014,0.108008
1020,1017,0.900845
1037,1014,1
1037,1028,1
1037,1032,1
1037,1035,0.82287
373,355,0.553904
373,372,1
140,112,0.413426
140,116,0.00239091
140,121,0.00254125
140,122,1
140,131,1
108,40,0.9278
108,107,0.928317
1879,1117,1
1879,1125,1
1879,1873,1
1879,1878,1
929,923,1
929,925,0.644266
929,927,0.347155
929,928,1
923,922,0.901976
33,31,0.919793
395,375,1
375,371,0.901524
372,368,0.904763
372,371,0.901321
65,51,0.0361323
65,54,0.908745
65,56,0.904013
65,63,0.349031
1947,1925,1
1947,1928,1
1947,1938,1
1947,1941,1
1947,1944,1
1895,1886,1
1895,1888,1
1895,1889,1
1895,1891,1
1895,1892,1
1895,1894,1
1892,1875,1
1892,1882,0.53972
1892,1883,1
1892,1886,1
1892,1891,1
1883,1873,1
1883,1875,1
1883,1878,1
1883,1879,1
1883,1882,1
1113,1106,1
1113,1107,0.00653948
1113,1108,0.900262
1113,1110,1
417,411,0.00743394
417,415,0.00474842
350,346,0.907614
350,349,0.474062
135,134,1
1116,1103,0.0221977
1116,1107,0.0444646
1116,1110,1
1116,1113,1
1014,1010,1
117,115,0.903708
550,546,1
550,547,1
550,548,1
37,35,0.920054
1010,927,0.573704
1010,929,1
1010,931,1
1010,1009,0.900351
114,40,0.919165
114,108,1
114,113,0.500053
116,108,0.588773
116,113,0.309572
116,114,0.328284
1107,1103,0.0217989
1107,1105,0.0240958
1107,1106,0.0313461
411,409,0.000264879
411,410,0.913705
153,115,1
153,117,0.909088
40,38,0.0393777
2053,1927,1
2053,1930,1
2053,1946,1
1944,1927,0.523377
1944,1928,0.497322
1944,1936,0.901252
1944,1938,1
1944,1942,1
1938,1934,1
1938,1936,1
1106,1032,1
1106,1035,0.568941
1106,1039,1
1106,1105,0.000360538
1032,1028,1
1032,1030,0.000938038
925,922,0.903733
925,923,0.901784
925,924,0.90099
34,31,0.916101
34,32,1
34,33,0.913038
56,51,0.0048071
56,54,1
56,55,1
927,924,0.900899
927,925,0.243306
548,419,0.901983
548,423,1
548,546,0.58858
548,547,1
353,346,1
353,351,0.900463
134,128,0.90128
134,130,0.900402
134,132,0.900446
134,133,0.900322
130,111,0.35887
130,128,0.900177
111,109,0.909181
112,109,0.902635
112,110,0.914265
112,111,0.911473
69,35,0.921597
69,37,1
69,53,1
69,67,0.932815
69,68,0.938028
54,52,0.928376
54,53,0.929798
1934,1888,1
1934,1889,0.838746
1934,1933,1
1886,1875,1
1886,1885,1
1875,1873,0.917327
1875,1874,1
1117,1116,0.728231
1103,1101,0.901006
1103,1102,1
1873,1117,1
1873,1120,0.812408
1873,1872,1
32,31,0.902065
158,157,0.505092
1946,1927,0.57212
1946,1942,1
1946,1944,1
1946,1945,1
1889,1885,1
1889,1886,1
1889,1887,1
1889,1888,1
1028,1014,1
1028,1015,1
1028,1027,0.000793967
1105,1025,1
1105,1030,0.381698
1105,1032,0.000312821
1105,1101,1
1105,1103,1
1030,1027,1
1030,1028,0.000747952
1015,1009,0.33299
1015,1010,1
1015,1012,0.000306901
1015,1013,0.00114896
1015,1014,1
415,408,0.901701
415,409,0.260183
415,411,0.00104354
349,344,0.902638
349,346,0.242047
349,347,0.900766
346,344,0.571679
346,345,0.901644
2074,157,0.908094
2074,158,0.367438
2074,2073,1
113,38,0.371044
113,40,0.916238
38,32,0.917177
55,52,1
55,54,0.44349
924,921,0.901861
924,922,0.90031
939,921,1
939,922,1
939,924,0.900761
939,925,0.903216
416,408,0.0522643
416,415,0.902272
371,368,0.900567
154,151,0.310757
1027,1012,0.530102
1027,1015,0.000186709
1027,1026,0.37777
409,406,0.902119
409,408,0.257402
1874,1872,1
1874,1873,1
1119,1103,0.000411715
1119,1115,0.000859273
1119,1116,1
1119,1117,0.737842
1119,1118,0.0833569
1101,1025,1
1101,1100,0.900873
57,52,0.524173
57,54,0.902145
57,55,1
1102,1098,1
1102,1099,0.900283
1102,1100,0.920329
1102,1101,0.90064
396,394,0.0976227
367,347,0.90562
367,349,0.900836
367,365,0.901893
41,35,1
41,37,0.906185
41,39,0.935743
67,35,1
68,52,1
68,53,0.933566
68,54,0.932565
68,67,1
1942,1936,1
1942,1937,1
1942,1938,1
1936,1933,0.596173
1936,1934,1
1013,994,0.174207
1013,1009,0.000629669
1013,1012,0.179062
1009,994,0.00377357
110,109,0.521674
1011,924,0.239469
1011,926,0.310492
1011,927,0.900456
1011,994,0.00153901
1011,1009,0.904233
1011,1010,1
546,544,1
1025,1023,1
1025,1024,1
1026,1012,1
1026,1025,1
549,544,1
549,545,0.421865
549,546,0.901844
408,406,0.00735644
159,151,0.902719
149,148,0.0237119
2056,2040,1
2056,2054,0.395034
2057,1920,0.925856
2057,1945,0.926511
2057,1946,0.907707
2057,2040,1
2057,2053,0.322873
2057,2056,1
1115,1088,1
1115,1091,1
1115,1103,0.909405
1115,1114,1
1100,1025,0.420378
1100,1098,0.918828
1012,993,1
1012,994,1
2282,418,0.363473
2282,544,1
2282,546,0.902292
2282,548,0.443275
133,132,1
132,128,0.904999
132,130,0.900216
128,111,0.900187
129,109,1
129,111,0.901265
129,128,0.901176
1945,1920,1
1945,1942,1
1945,1943,1
1885,1874,1
1885,1875,1
1885,1877,0.573242
1120,1091,0.0249864
1120,1094,1
1120,1117,1
1120,1118,0.0567475
1120,1119,1
157,100,0.236022
157,106,0.494641
148,70,0.915982
70,39,0.927779
39,35,0.908333
2054,2044,1
1933,1887,1
1933,1889,1
1933,1904,1
1933,1906,1
1887,1865,1
1887,1885,1
1118,1091,0.0170388
1118,1094,0.0721507
1118,1115,0.00217882
926,917,0.0521566
926,920,0.0278181
926,924,0.0116428
369,365,1
369,366,1
369,367,0.906296
152,103,1
2073,100,1
2073,157,0.901493
2073,2060,1
2073,2072,1
1872,1094,1
1872,1120,1
1872,1855,1
1872,1858,1
1114,1087,1
1114,1088,1
1114,1099,1
1114,1102,0.904615
1114,1103,0.906946
1098,1060,0.900283
1098,1097,1
1024,1023,1
1023,1007,0.344796
994,926,0.0029249
994,993,1
940,917,0.00188231
940,921,0.90226
940,924,0.0624847
940,926,0.084002
940,935,0.906993
940,937,0.00554609
940,939,0.900726
1877,1855,0.90518
1877,1858,0.929912
1877,1868,0.518017
1877,1872,1
1877,1874,0.386167
920,917,0.3485
1096,972,0.810105
1096,1005,0.574056
1096,1056,1
2269,418,0.907535
2269,2263,1
2269,2267,0.903563
2269,2268,0.32878
386,336,0.900243
2072,2059,0.0464446
2072,2060,1
72,20,0.908759
72,30,0.942618
1937,1904,0.902693
1937,1906,0.918386
1937,1918,0.337012
1937,1933,1
1937,1936,0.300854
993,919,0.465879
993,988,0.902397
160,103,0.905464
160,151,1
160,152,0.514265
160,159,0.907023
344,320,0.903381
155,71,0.903517
155,96,0.0639978
155,97,0.237324
71,29,0.0490757
71,30,0.927524
1097,1050,1
1097,1055,0.912945
1097,1056,0.902697
1097,1059,0.922247
1097,1060,0.923904
1005,972,0.900203
394,374,1
370,328,0.0409096
370,366,0.299424
370,369,0.419936
351,345,0.498943
351,346,0.901898
1890,1858,1
1890,1865,1
1890,1868,1
1890,1877,1
1890,1885,1
1890,1887,1
1056,972,1
1056,1055,1
937,917,0.355743
937,935,0.0906112
2268,2263,0.5607
2268,2264,1
347,320,0.921751
347,344,0.90221
1022,968,1
1022,972,1
1022,999,1
1022,1005,1
544,418,1
137,84,0.0134042
137,85,0.0137355
137,136,0.000710189
156,99,0.0123393
156,103,0.203166
156,152,0.903629
97,96,0.913086
1943,1918,1
1943,1920,1
1943,1921,1
1943,1936,1
1943,1937,0.477527
1943,1942,1
1904,1865,1
1904,1887,1
1099,1060,1
1099,1071,0.828228
1099,1087,0.902377
1099,1098,0.900741
999,958,0.902084
999,968,1
999,990,0.90052
990,987,0.511199
388,336,0.524896
388,337,0.900779
388,386,0.900314
136,79,1
136,81,0.905083
136,85,0.903904
136,94,0.00910772
106,100,1
2060,100,1
2060,2059,0.152515
2044,2042,1
2058,2040,0.521862
2058,2042,1
2058,2044,1
2058,2054,1
2058,2056,1
1094,1091,0.00721864
1091,1088,1
1091,1090,1
988,919,0.0430628
935,921,1
935,934,0.905055
337,336,0.904698
1055,971,0.900906
1055,972,1
1055,1050,0.917999
972,968,0.588758
972,971,0.924111
545,544,1
374,335,1
365,320,0.905321
365,347,0.902731
365,348,0.900877
94,79,0.0173478
2040,1920,0.931391
2040,1945,0.949467
2040,2038,0.919311
1906,1904,1
1906,1905,1
1088,1086,1
1088,1087,1
29,25,0.914092
29,28,0.927802
1858,1855,1
1858,1856,1
968,955,0.494053
968,958,0.900482
968,967,0.912
30,20,0.905614
30,29,0.02245
1918,1906,1
1918,1917,1
1059,1050,0.926667
1059,1051,0.942101
1059,1052,0.925059
1004,1003,0.00254996
971,968,0.077984
1868,1856,0.802189
1868,1858,0.730292
1868,1865,1
1868,1866,1
2267,418,1
2267,544,1
2267,2261,1
2267,2263,0.900471
2267,2265,1
2263,2261,1
328,327,0.287862
348,323,0.0033329
348,327,0.000593281
345,320,0.904647
345,321,0.901242
345,344,0.911623
138,84,0.912904
138,137,0.00268041
99,95,0.375348
2052,2042,1
2052,2044,0.904021
2052,2050,1
1921,1917,1
1921,1918,1
1921,1919,1
1921,1920,1
1855,1094,1
1855,1853,1
967,955,0.0430317
366,327,0.00671392
366,328,0.010132
366,348,0.904007
366,365,1
1060,1051,1
1060,1059,0.934149
1072,1001,0.492627
1072,1054,0.586143
1003,991,0.0551977
352,138,0.294838
352,325,0.90244
1908,1865,1
1908,1869,1
1908,1904,1
1908,1905,1
1908,1906,1
1908,1907,1
1095,1090,0.00263747
1095,1091,0.000996899
1095,1092,0.000366104
1095,1093,1
1095,1094,0.474309
1087,1071,1
1087,1085,1
1087,1086,1
964,955,0.0018535
964,956,0.17594
1001,970,0.912186
956,954,0.0253898
956,955,0.901073
2278,544,1
2278,545,1
2278,2265,1
2278,2267,0.742571
2278,2276,1
335,334,1
90,28,0.937327
90,29,0.910639
90,76,0.901891
2050,2042,1
2041,1919,1
2041,1920,1
2041,1921,1
2041,2038,0.912275
2041,2039,1
2041,2040,1
1071,1060,1
1071,1069,1
1071,1070,1
1052,1050,0.915017
1052,1051,0.936247
995,989,0.0202033
995,991,0.908949
85,79,0.906293
85,81,0.912913
85,82,1
85,84,1
95,91,0.921396
95,93,0.918395
2042,2038,1
2042,2040,1
1917,1905,1
1917,1906,1
1869,1863,0.832278
1869,1865,1
1869,1866,1
1869,1868,1
1856,1853,1
1856,1854,1
1856,1855,1
1853,1093,0.391335
1853,1094,1
1853,1095,0.43299
1090,1086,1
1090,1088,1
1090,1089,1
989,986,0.914911
2280,545,1
2280,2276,1
2280,2278,1
2280,2279,1
2264,2261,1
2264,2262,0.90509
2264,2263,1
327,323,0.0120219
1054,970,1
1054,1001,1
1054,1053,1
986,912,0.033461
986,982,0.00786705
916,914,0.00765004
25,24,0.0692787
970,966,0.2667
970,969,1
321,320,0.903965
1866,1856,1
1866,1858,1
1866,1860,1
1866,1863,1
334,329,0.904111
334,331,0.906275
325,82,0.927985
325,84,0.923418
325,138,0.905828
325,324,0.918864
84,81,0.901012
84,82,1
1919,1911,1
1919,1917,1
1905,1903,1
966,962,0.904561
966,965,0.904952
323,322,0.00547356
322,320,0.909966
322,321,0.902376
2265,2261,1
2265,2263,1
79,78,0.900282
28,25,1
28,26,1
28,27,0.902776
1907,1863,1
1907,1869,1
1907,1899,1
1907,1903,1
1907,1905,1
1086,1075,0.557137
1086,1085,1
1058,1049,0.143119
1058,1053,0.201407
1058,1054,0.160597
1058,1057,0.918
965,962,0.164663
339,338,0.0522361
992,912,0.0516267
992,914,0.901701
992,980,0.00586349
992,982,0.00525913
992,986,0.00771016
914,912,0.90111
331,329,0.908855
1053,969,1
1053,970,1
1053,1048,1
1053,1049,1
2276,2265,1
2276,2271,1
2261,2255,1
2245,2239,0.902914
81,79,0.907583
81,80,0.00084297
76,26,0.900951
76,28,0.901299
1854,1093,0.502018
1854,1850,1
1854,1852,1
1854,1853,1
1093,1084,0.0240489
1093,1092,0.0706689
1092,1080,1
1092,1083,1
1092,1084,0.451399
1092,1089,1
1092,1090,1
1085,1068,0.854307
1085,1070,0.857186
1085,1071,1
1085,1075,0.489313
1057,1047,0.00602364
1057,1049,0.0194473
1057,1051,0.920739
953,910,0.0209545
953,911,0.0134553
953,952,0.00164731
1867,1852,1
1867,1856,1
1867,1857,1
1867,1860,1
1867,1861,1
1867,1866,1
93,89,0.901703
93,91,0.91065
93,92,1
2043,2035,0.934331
2043,2038,0.411599
2043,2039,1
2043,2042,1
1922,1903,1
1922,1905,1
1922,1910,1
1922,1911,1
1922,1917,1
1922,1919,1
1857,1850,1
1857,1852,1
1857,1854,1
1857,1856,1
1089,1075,0.425906
1089,1076,0.352917
1089,1080,0.498511
1089,1086,1
1070,1067,1
1070,1068,1
1070,1069,1
969,960,0.918033
969,962,0.920642
969,966,0.571899
24,21,0.0438989
2051,2035,1
2051,2038,1
2051,2042,1
2051,2043,1
2051,2046,0.0182366
2051,2047,0.922359
2051,2050,1
2039,1911,1
2039,1919,1
2039,2032,1
2039,2033,1
2039,2035,1
2039,2038,1
1863,1860,1
1069,1047,0.00181086
1069,1051,1
1069,1057,0.902319
1069,1060,1
1069,1063,0.0040049
1069,1067,0.572523
982,974,0.90101
982,980,0.00332585
985,976,0.937839
985,979,0.90493
92,76,0.916179
92,88,0.907224
92,89,0.012958
92,90,0.900154
92,91,0.909496
1049,1044,0.92919
1049,1047,1
1049,1048,1
2279,2271,1
2279,2274,1
2279,2275,1
2279,2276,1
2262,2255,0.396213
2262,2259,0.340067
2262,2261,1
1903,1899,0.668888
1903,1901,1
104,98,0.424723
104,101,0.204001
101,89,0.910245
101,93,0.903515
101,98,1
1860,1859,1
1048,960,0.926292
1048,969,1
1048,1044,1
962,960,0.38725
2277,2257,1
2277,2265,1
2277,2266,1
2277,2271,1
2277,2272,1
2277,2276,1
2266,2255,1
2266,2257,1
2266,2261,1
2266,2262,1
2266,2265,1
342,330,0.904188
342,333,0.549565
342,338,0.479834
2246,2239,0.900567
2246,2243,0.518442
2246,2244,0.900227
2246,2245,1
80,78,0.902772
102,78,0.904808
102,79,0.902873
102,80,0.0457052
102,81,0.00499573
26,22,1
1911,1910,1
1899,1863,1
1899,1897,1
980,974,0.928754
976,974,0.909239
911,909,0.295994
911,910,0.000410816
332,329,0.916193
332,331,0.909065
82,80,0.036556
82,81,0.0780173
89,87,1
27,21,0.0231641
27,22,0.541951
27,23,0.0145315
27,24,0.0606234
27,25,0.910261
27,26,0.922051
2047,2034,0.0682807
2047,2035,0.625364
2047,2045,1
2047,2046,0.924902
1850,1084,0.00677647
1850,1093,0.473763
1850,1849,1
1075,1068,1
1075,1074,0.969977
2271,2265,1
324,82,0.919152
324,83,0.918515
324,84,0.912022
2035,2032,1
2035,2034,0.286556
1861,1851,1
1861,1852,0.694848
1861,1859,1
1861,1860,1
1852,1849,1
1852,1850,1
1852,1851,1
1083,1080,1
1083,1081,1
1083,1082,1
1080,1076,0.552612
1080,1078,0.450788
1076,1075,0.954703
1067,1063,0.900627
1067,1066,0.0597491
979,952,0.900817
979,953,0.900224
979,975,1
979,976,0.902425
979,978,1
952,909,0.900937
952,911,0.900702
952,951,0.900666
333,330,0.0523092
333,332,0.90538
1910,1901,1
1910,1903,1
1063,1046,0.907514
1063,1047,1
1063,1057,0.00171064
1063,1062,0.424539
1047,1043,1
1047,1044,1
1047,1046,1
343,333,0.178478
343,338,0.142354
343,342,0.047109
1864,1859,1
1864,1860,1
1864,1862,0.338209
1864,1863,1
2255,2254,1
2243,2241,0.90141
83,78,0.900419
83,80,0.90811
83,82,0.925631
2069,2066,0.177274
2069,2067,1
88,22,0.901059
88,26,0.900848
88,76,0.91239
88,86,0.90085
2033,1911,1
2033,1915,1
2033,2032,1
1084,1082,0.451379
1084,1083,0.369194
1068,1066,0.941344
1068,1067,0.661665
1044,959,0.924603
1044,960,0.907287
1044,1043,1
984,974,0.120133
984,981,0.924466
984,982,0.901091
984,983,0.906864
960,959,0.902894
2244,2238,1
2244,2239,1
2244,2240,1
2244,2241,1
2244,2243,0.413962
2066,2064,0.102574
1900,1862,0.901095
1900,1863,1
1900,1864,1
1900,1897,1
1900,1898,1
1900,1899,1
1079,1074,0.465553
1079,1075,0.96905
1079,1076,0.954255
1079,1077,0.361028
1079,1078,0.912258
1901,1897,1
1901,1899,1
978,718,0.918445
978,974,0.929087
978,975,1
978,976,0.905336
909,908,0.902085
2257,2254,1
2257,2255,1
2257,2256,1
2240,2237,0.906079
2240,2238,0.90022
2240,2239,1
23,21,0.11895
23,22,0.0506808
2062,2061,1
2071,2062,0.213356
2071,2067,0.90768
2071,2069,0.323803
2071,2070,0.901454
2237,2235,0.452304
2237,2236,0.274894
2259,2253,1
2259,2254,1
2259,2255,1
2259,2258,1
1862,1575,0.159123
1862,1859,0.485055
1859,1574,1
1859,1575,1
1859,1851,1
981,722,0.146599
981,974,0.906821
975,718,0.90367
975,951,1
975,973,0.903966
1062,1045,0.727224
1062,1046,1
1062,1061,0.456818
2275,2271,1
2275,2272,1
2275,2273,1
2275,2274,0.544484
2235,2234,1
22,21,0.078351
2045,1727,0.51137
2045,2034,0.1127
1915,1588,1
1915,1591,0.430101
1915,1910,0.936206
1915,1911,1
1915,1912,1
1912,1588,1
1912,1591,1
1912,1901,1
1912,1902,1
1912,1910,1
1851,1574,1
1851,1630,1
1082,777,1
1082,1081,1
1081,774,1
1081,1078,1
1081,1080,1
1046,1043,1
1046,1045,1
983,722,0.182722
983,981,0.0103079
2272,2256,1
2272,2257,0.900641
2272,2270,1
2272,2271,1
86,22,0.908356
86,26,0.914667
1849,777,0.0125873
1849,1082,0.0177484
1849,1084,0.00320679
1849,1627,1
2251,2241,1
2251,2243,0.43018
2251,2249,1
2251,2250,1
2234,2061,1
1898,1575,0.258572
1898,1582,0.507966
1898,1862,1
1898,1897,0.906734
1078,774,1
1078,1076,0.91231
1078,1077,1
1065,1061,0.0221968
1065,1062,0.167332
1065,1064,0.902784
1043,959,0.909337
1043,1041,0.904058
2253,2249,1
2253,2252,1
2241,2238,1
2241,2240,1
2067,1811,1
2067,2064,0.616087
2067,2066,0.0419975
722,606,0.903927
2063,1728,1
2063,1797,1
2063,2048,1
2037,1716,1
2037,1720,1
2037,2032,1
2037,2034,0.929381
2037,2035,1
2037,2036,1
2036,1591,1
2036,1716,1
2036,1915,1
2036,2032,1
2036,2033,1
1902,1582,1
1902,1584,1
1902,1588,1
1902,1897,1
1902,1898,1
1902,1901,1
1949,1627,1
1949,1630,0.322105
1949,1849,0.90249
1949,1851,0.191415
1949,1852,0.571172
1074,764,0.928311
1074,770,0.191951
1074,1066,0.937363
1074,1068,1
908,602,1
2061,1814,1
2064,1799,1
2064,1811,1
2064,1812,1
1042,959,0.902635
1042,1041,0.0167446
718,717,0.241674
2236,2124,1
2236,2125,1
2236,2234,1
2236,2235,1
2048,1727,1
2048,1728,1
2048,1733,1
2048,2045,0.431526
2049,1720,1
2049,1727,1
2049,1731,1
2049,2034,0.518906
2049,2037,1
2049,2045,0.461577
2049,2048,1
1572,774,1
1572,776,0.90311
1572,777,1
1572,1078,1
1572,1081,1
1572,1082,1
951,602,0.0607802
951,695,0.203331
951,908,0.922069
951,909,0.900813
2070,1811,0.823604
2070,1814,1
2070,1815,0.654891
2070,2061,1
2070,2062,0.777234
2070,2067,1
2238,2125,1
2238,2236,1
2238,2237,1
2065,1797,1
2065,1799,1
2065,2063,1
2065,2064,1
1591,1588,0.564068
1575,1574,0.902148
1077,770,0.904411
1077,773,1
1077,774,1
1077,1074,1
997,724,0.0294876
997,725,0.154475
997,961,0.00341292
997,977,0.0332975
1041,10,1
1041,959,1
977,720,0.90384
977,724,0.426904
2270,2219,1
2270,2220,0.134531
2270,2256,0.903608
2256,2196,0.879729
2256,2219,1
2256,2254,1
2258,2182,1
2258,2192,1
2258,2252,1
2258,2253,0.520698
2258,2254,1
2252,2179,1
2252,2182,1
2252,2249,1
2252,2250,1
1582,1575,1
1582,1581,1
1630,1574,1
1630,1625,0.893444
1630,1627,0.531413
1630,1628,1
1627,777,0.00406974
1627,1625,0.470052
1061,5,0.91746
1061,11,0.915896
1061,12,0.912452
1061,1045,1
1061,1046,1
1045,10,0.91371
1045,11,0.900196
1045,1041,0.916715
1045,1043,1
973,695,1
973,717,0.378074
973,718,0.180302
973,721,0.00432201
973,951,0.912975
2281,2220,0.904271
2281,2231,1
2281,2273,1
2281,2274,0.540023
2281,2275,1
2273,2219,0.622002
2273,2220,1
2273,2270,0.406548
2273,2272,1
2250,2127,1
2250,2179,0.537772
2250,2180,1
2250,2241,1
2250,2242,1
2250,2249,1
2247,1814,0.936681
2247,2061,1
2247,2124,1
2247,2137,1
2247,2140,1
2247,2234,1
2247,2236,1
1811,1810,1
1720,1716,1
1720,1718,1
1588,1584,1
1588,1587,1
777,776,1
776,774,0.343354
776,775,0.378202
770,764,0.202997
1064,12,0.122013
1064,761,0.0195911
1064,1061,0.914694
2260,2192,1
2260,2196,1
2260,2254,1
2260,2256,1
2260,2258,1
2242,2125,1
2242,2127,1
2242,2152,1
2242,2238,1
2242,2241,1
1797,1728,1
1797,1796,1
1716,1591,1
1716,1714,1
1584,1581,1
1584,1582,1
1584,1583,1
1641,1574,1
1641,1575,0.954308
1641,1581,1
1641,1582,1
1641,1639,1
1641,1640,1
774,772,1
774,773,1
721,717,0.0112574
721,718,0.00261956
721,719,0.901918
721,720,0.359794
1639,1574,1
1639,1628,0.756277
1639,1630,1
1639,1638,0.557661
10,2,0.900234
1812,1798,1
1812,1799,1
1812,1810,1
1812,1811,1
1799,1796,1
1799,1797,1
1799,1798,1
1733,1727,1
1733,1728,1
1733,1729,1
1733,1731,0.909995
1733,1732,1
1592,1587,1
1592,1588,1
1592,1590,1
1592,1591,1
2220,2219,0.287061
2182,2179,1
2125,2124,1
1731,1718,0.647057
1731,1720,1
1731,1727,1
1731,1729,1
1731,1730,0.343306
1571,775,0.508394
1571,776,0.0683237
1571,777,0.255593
725,705,1
725,708,0.493845
725,724,0.425469
2219,2196,1
724,697,0.913592
724,705,1
724,720,0.91815
602,601,0.901997
1625,819,1
2152,2125,1
2152,2127,1
2152,2148,1
2152,2151,1
2140,2124,1
2140,2125,1
2140,2135,1
2140,2137,0.942345
2140,2138,1
1801,1728,0.912724
1801,1732,1
1801,1733,1
1801,1796,1
1801,1797,1
1801,1800,1
1718,1714,0.865465
1718,1716,1
1717,1590,1
1717,1591,1
1717,1592,1
1717,1714,1
1717,1716,1
1628,1621,1
1628,1625,0.66722
720,696,1
720,697,1
720,717,0.00588153
720,719,0.903695
2196,2190,1
2196,2192,1
2196,2194,1
2192,2182,1
2192,2190,1
2180,2127,1
2180,2178,0.49185
2180,2179,1
1815,1810,1
1815,1811,1
1815,1813,1
1815,1814,0.539643
1587,1583,1
1587,1584,1
1587,1585,1
1640,1581,0.772968
1640,1636,1
1640,1638,0.709157
1640,1639,0.774843
819,815,1
775,772,1
775,774,1
773,764,0.54508
773,765,0.903869
773,766,1
773,770,0.904132
773,771,1
773,772,1
1569,761,0.900851
1569,1064,0.159646
12,5,0.923178
12,7,0.0639161
717,694,0.49056
717,695,0.26669
717,716,0.0052058
1638,1621,1
1638,1628,1
1638,1632,0.932706
1638,1636,1
2137,1813,0.87032
2137,1814,1
2137,1815,1
2137,2135,1
2231,2220,0.914109
2231,2224,1
2231,2230,1
2183,2178,1
2183,2179,0.36754
2183,2180,1
2183,2181,1
2183,2182,1
2127,2126,1
1810,1798,1
1732,1722,0.922494
1732,1725,1
1732,1729,1
1729,1718,1
1729,1722,1
1714,1590,1
1714,1711,1
1583,1581,1
761,7,0.397194
761,12,0.0083473
697,696,1
695,601,0.902125
695,602,0.917801
695,694,1
1798,1796,1
1626,815,1
1626,819,1
1626,1619,1
1626,1625,1
11,2,0.908811
11,5,0.0585862
11,7,0.0586398
11,10,0.900238
1570,772,0.0438374
1570,775,0.905167
2193,2181,1
2193,2182,1
2193,2183,1
2193,2190,1
2193,2191,1
2193,2192,1
2148,2125,1
2148,2138,1
1590,1585,0.698738
1590,1586,0.927448
1590,1587,0.748641
1629,1619,0.906795
1629,1621,0.311839
1629,1622,1
1629,1625,0.395789
1629,1626,0.902488
1629,1628,0.193234
766,763,0.90802
766,764,0.496509
766,765,0.906783
2,1,1
708,705,1
708,706,0.907295
708,707,1
2224,2219,1
2224,2220,0.566321
2224,2222,1
2224,2223,1
2222,2194,1
2222,2196,1
2222,2219,1
2222,2220,0.245902
2222,2221,1
2138,2124,1
2138,2125,1
2138,2131,0.0680617
2138,2135,1
1800,1725,1
1800,1732,1
1800,1791,1
1800,1796,1
1719,1711,1
1719,1713,1
1719,1714,1
1719,1718,1
1585,1583,1
1636,1632,1
813,812,0.901927
772,771,1
705,696,0.909812
705,697,1
705,700,0.502535
705,704,1
704,696,0.919197
704,697,0.904359
704,700,0.493098
694,601,0.912726
694,604,0.0223294
694,605,1
2194,2190,1
2202,2126,0.551359
2202,2127,1
2202,2178,0.420691
2202,2180,1
2202,2199,0.57507
2151,2126,1
2151,2127,1
2151,2146,0.144805
2151,2148,1
2151,2149,1
2135,1813,1
2135,2129,1
2135,2131,0.9073
2135,2132,0.904341
1813,1805,1
1813,1810,1
1816,1798,0.543128
1816,1803,0.927117
1816,1805,1
1816,1809,0.571311
1816,1810,0.450747
1816,1813,0.515752
1802,1791,1
1802,1795,1
1802,1796,1
1802,1798,1
1802,1800,1
1730,1713,0.549063
1730,1718,1
1730,1719,1
1730,1722,0.423438
1730,1723,0.569473
1730,1729,0.589214
1621,1620,1
815,813,0.182539
815,814,0.886301
7,5,0.0248735
5,1,0.910072
5,2,0.906463
719,696,0.909351
719,697,0.917044
719,711,0.00304912
719,716,0.0136855
719,717,0.00637227
2230,2223,1
2230,2224,1
2178,2175,0.900321
1725,1722,1
1673,1581,1
1673,1583,1
1673,1634,1
1673,1636,0.642186
1673,1637,1
1673,1640,1
1673,1671,1
1632,1620,1
1632,1621,1
1632,1631,0.878982
716,605,0.0137176
716,694,0.00985806
716,710,0.903708
716,711,0.902131
1676,1583,1
1676,1585,1
1676,1671,1
1676,1673,1
1676,1674,1
771,765,0.904977
771,766,1
771,769,0.00480156
747,706,0.900441
747,708,0.90285
747,740,0.236985
747,746,0.019393
2191,2181,0.532898
2191,2185,0.907462
2191,2190,1
1803,1795,0.89339
1803,1798,1
1803,1802,1
1711,1586,0.573799
1711,1590,1
1711,1710,1
757,3,0.0115121
757,755,0.922321
765,763,0.908946
3,1,0.902705
2181,2175,0.870378
2181,2177,0.751759
2181,2178,0.550448
2149,2131,0.052863
2149,2138,0.584348
2149,2142,0.102127
2149,2143,1
2149,2146,0.907427
2149,2148,1
1791,1725,1
1791,1789,1
1680,1585,1
1680,1674,1
1680,1676,1
1680,1679,1
1637,1631,1
1637,1632,1
1637,1634,1
1637,1635,1
1637,1636,1
1622,1618,1
1622,1619,0.925354
1622,1620,0.383378
1622,1621,0.570419
1619,814,0.883115
1619,815,1
1619,1618,0.962329
812,811,0.156717
706,703,0.44465
605,604,0.0221861
1723,1712,0.244106
1723,1713,1
1723,1721,1
1723,1722,1
1713,1710,1
1713,1711,1
1713,1712,0.931383
1586,1585,0.903541
1682,1585,1
1682,1586,1
1682,1590,1
1682,1679,1
1682,1680,1
1682,1681,1
818,801,1
818,811,1
818,812,0.906615
818,813,0.902463
818,814,1
818,815,1
762,751,0.0635548
762,757,0.00533003
762,759,0.0923911
762,760,0.0598347
1795,1789,1
1795,1791,1
1795,1793,1
2146,2126,0.0544629
2146,2142,0.925703
2146,2144,0.910074
2129,1804,1
2129,1805,1
2129,1813,1
2129,2128,0.536113
1805,1803,1
1805,1804,1
2223,2213,0.0540152
2223,2221,1
2223,2222,1
2195,2185,1
2195,2189,0.359421
2195,2190,1
2195,2191,1
2195,2194,1
2199,2126,1
2199,2144,1
2199,2146,0.0487488
2199,2175,1
2199,2178,1
2199,2197,1
2132,2128,0.282871
2132,2129,1
2132,2130,0.823124
2132,2131,0.933675
1807,1793,1
1807,1795,1
1807,1803,1
1807,1806,0.311371
1726,1721,1
1726,1722,1
1726,1723,1
1726,1724,1
1726,1725,1
1671,1634,1
1671,1637,1
755,3,0.0561381
755,736,0.0341543
755,744,0.904062
755,749,0.066683
707,699,0.900304
707,700,0.508737
707,703,0.903909
707,705,1
707,706,1
700,696,0.0723817
700,699,0.900337
711,710,0.92024
2142,2141,0.0488659
768,754,0.901212
2232,2223,1
2232,2228,0.9089
2232,2229,0.369586
2232,2230,1
2221,2194,1
2221,2195,1
2221,2213,0.0178476
2221,2214,0.0351728
1792,1724,0.914608
1792,1725,1
1792,1726,1
1792,1789,0.548801
1792,1790,0.912793
1792,1791,0.623043
1710,1586,0.569589
1674,1671,1
1674,1672,1
1631,1598,1
1631,1611,1
1631,1620,1
1631,1621,0.784633
1631,1624,1
814,801,1
814,805,1
760,751,1
760,753,0.90123
760,757,0.900878
760,759,1
744,3,0.00346487
744,736,0.0761851
740,739,0.901533
710,604,0.0311364
710,605,0.00394763
710,692,1
710,709,0.900189
1809,1803,1
1809,1804,1
1809,1805,1
1809,1806,1
1809,1807,0.521265
1809,1808,1
1634,1613,1
2147,2141,0.237018
2147,2142,0.902736
2147,2143,0.449354
2147,2144,0.315596
2147,2146,0.908044
1721,1708,0.930585
1721,1712,0.0408845
1618,814,1
1618,1601,0.478423
1618,1604,0.593025
811,793,1
811,801,0.538771
769,754,0.901333
769,765,0.00836421
769,768,0.906873
714,709,1
714,710,0.928448
714,711,0.942426
604,600,0.908125
604,601,0.0339019
604,603,0.0022108
2185,2176,0.0109783
2185,2177,1
2185,2181,1
1679,1665,1
1679,1674,1
1679,1675,1
1635,1598,1
1635,1611,1
1635,1613,1
1635,1631,1
1635,1634,1
703,699,0.90195
703,702,0.591355
767,754,0.000213841
2143,2130,1
2143,2131,0.902781
2143,2132,0.551986
2143,2141,1
2143,2142,0.0325163
1624,1598,1
1624,1601,1
1624,1604,1
1624,1618,0.585413
1624,1620,1
1624,1622,1
759,749,0.909599
759,750,0.901359
759,751,1
759,755,0.902832
759,757,0.905869
746,702,1
746,703,0.285337
746,706,0.670851
746,739,0.906379
746,740,0.901853
2217,2213,0.00576832
2228,2226,0.00044933
2228,2227,0.000181827
2189,2176,0.0271083
2189,2185,0.441831
2189,2187,0.0317185
2189,2188,0.00378406
2177,2175,1
2177,2176,0.00562501
1793,1769,0.534251
1793,1789,1
1724,1708,0.79294
1724,1709,0.664726
1724,1721,1
1724,1723,1
1842,1710,1
1842,1712,0.908301
1842,1713,1
1842,1829,1
1842,1841,0.588836
1681,1586,0.456777
1681,1665,0.687704
1681,1669,1
1681,1679,1
1672,1613,1
1672,1634,1
1672,1650,1
1672,1652,1
1672,1671,1
692,603,1
692,604,0.00476127
692,691,0.172493
2214,2188,0.0341981
2214,2189,0.20292
2214,2195,0.0415929
2214,2213,0.91751
1804,1787,1
1806,1769,1
1806,1783,0.925899
1806,1793,0.572493
1790,1709,0.669516
1790,1724,1
1790,1726,1
1790,1767,0.592557
1790,1789,1
1841,1586,0.54846
1841,1681,0.909821
1841,1710,0.453133
1841,1826,1
1841,1829,0.901816
1675,1652,0.819489
1675,1665,1
1675,1666,0.51161
1675,1672,1
1675,1674,1
1613,1611,1
1613,1612,0.558823
801,793,1
801,799,1
794,791,0.0899292
794,792,0.904216
794,793,0.903502
2197,2144,1
2197,2173,1
2197,2175,1
2197,2177,1
2128,1804,0.952803
2229,2213,0.901029
2229,2215,0.000375776
2229,2216,0.000579207
2229,2218,0.902413
2229,2223,0.901677
2229,2227,0.000526911
2229,2228,0.523207
2144,2141,1
1808,1783,0.693756
1808,1787,0.710907
1808,1804,1
1808,1806,0.921854
1843,1708,1
1843,1712,0.11678
1843,1721,1
1843,1829,0.676316
1843,1838,1
1843,1842,1
1604,1598,1
1604,1599,0.609311
1604,1601,0.758307
1604,1602,1
805,799,0.515791
805,801,1
805,803,0.744022
793,792,1
749,736,0.927523
749,737,0.922252
749,748,0.000742768
715,709,0.440683
715,711,0.900667
715,712,0.509698
715,713,0.238322
715,714,0.900594
2218,2187,0.00221142
2218,2212,0.00625448
2218,2213,0.900416
2218,2214,0.90047
2218,2215,0.0013946
2218,2216,0.00150528
2218,2217,0.00061226
1601,803,1
1601,805,1
1601,814,1
1601,1599,0.901121
739,702,0.46765
739,738,0.475376
2130,2110,0.189691
2130,2118,1
2130,2128,0.504671
753,751,0.00839612
1794,1767,0.916336
1794,1769,0.612976
1794,1770,0.912294
1794,1789,1
1794,1790,0.452731
1794,1793,1
1650,1612,1
1650,1613,1
1650,1634,1
1650,1649,1
1611,1598,1
791,779,0.900334
791,790,0.431815
2226,2225,1
2141,2118,0.928317
2141,2130,1
1652,1649,1
1652,1650,1
1652,1651,1
751,748,0.900824
751,750,0.907455
743,735,0.930495
743,737,0.0491329
743,738,0.824373
743,739,0.303727
743,740,0.0912667
709,691,0.90975
709,692,0.901466
709,693,1
603,599,1
603,600,0.000471296
1826,1667,1
1826,1669,1
1826,1681,1
1826,1824,1
750,737,0.900524
750,748,0.00500482
750,749,1
2227,2208,1
2227,2215,1
2227,2225,1
2227,2226,1
2215,2208,1
2215,2211,1
2216,2208,1
2216,2211,1
2216,2212,0.900939
2216,2215,0.426215
2187,2176,0.913225
2187,2184,0.921344
2187,2185,0.0175867
2198,2144,1
2198,2145,1
2198,2171,0.138392
2198,2173,1
2198,2197,1
2133,1787,1
2133,1804,1
2133,2113,1
2133,2128,1
1783,1769,0.942468
1829,1824,1
1829,1826,0.908897
1829,1827,0.783064
1669,1665,1
1669,1666,1
1669,1667,1
1669,1668,1
799,792,1
799,793,0.56645
702,684,0.901955
702,699,0.275685
702,701,0.00581196
1709,1708,1
2212,2169,0.0655702
2212,2184,0.00111873
2212,2186,0.454318
2212,2187,0.0144437
2212,2211,0.256879
2200,2173,0.909317
2200,2174,0.00880822
2200,2176,0.0288428
2200,2177,0.645768
2200,2197,0.500973
1666,1651,0.93709
1666,1652,1
1666,1664,0.938341
1666,1665,0.527039
1615,1598,1
1615,1602,1
1615,1603,0.90043
1615,1606,1
1615,1611,1
1615,1614,1
779,778,0.900303
737,735,0.0332005
737,736,0.957103
691,599,0.901379
691,603,0.902795
691,678,0.900394
1602,1598,1
1602,1599,0.514915
790,778,0.26329
790,779,0.900248
790,788,0.909512
2184,2167,0.000178935
2184,2169,0.00050351
2184,2176,0.907007
2203,2167,0.00018857
2203,2174,0.020346
2203,2176,0.910362
2203,2184,0.921465
2203,2200,0.0213047
2145,2118,0.925155
2145,2122,0.0115924
2145,2141,0.802636
2145,2144,1
1767,1709,0.494369
1767,1766,0.419104
1838,1708,1
1838,1827,0.587593
1838,1829,0.444992
1838,1837,0.933083
1649,1612,1
1612,1611,1
701,683,0.00439031
701,684,0.00397487
701,699,0.00363651
712,687,1
712,693,1
712,709,1
599,597,1
2173,2170,0.000217671
2173,2171,0.351235
2173,2172,0.00151388
2118,2110,0.0636259
1599,803,1
1599,805,0.900221
1599,1594,1
792,788,0.429081
792,789,0.230938
792,790,0.305676
792,791,0.504925
2134,2110,0.916393
2134,2113,1
2134,2115,0.904244
2134,2128,0.644606
2134,2130,1
2134,2133,1
803,799,0.900392
2225,2208,0.447976
2225,2209,1
2225,2210,1
2225,2215,0.774633
2174,2162,0.264675
2174,2167,0.307963
2174,2172,0.411759
2174,2173,0.00424113
1787,1783,0.445927
1784,1769,1
1784,1770,1
1784,1782,1
1784,1783,1
1770,1767,0.939556
1770,1768,0.742155
1770,1769,1
1840,1708,1
1840,1709,1
1840,1837,1
1840,1838,1
1840,1839,1
1824,1667,0.926072
1616,1609,1
1616,1611,0.486166
1616,1612,0.923517
1616,1614,1
1614,1606,1
1614,1609,1
1614,1611,1
800,789,0.0533942
800,792,1
800,796,1
800,799,0.483588
788,778,0.242493
788,779,0.900239
738,683,1
738,684,0.90581
738,701,0.0120659
738,702,1
738,734,0.901033
738,735,0.913443
2171,2121,0.000545822
2171,2122,0.36872
2171,2145,0.157598
2171,2170,0.000679844
2122,2118,0.0111848
2122,2120,0.0237836
2122,2121,0.0211316
1651,1642,0.924001
1651,1649,0.814898
1603,1594,0.464881
1603,1596,1
1603,1599,1
1603,1602,1
789,788,0.0305855
752,733,0.00187323
752,742,0.0016642
713,687,0.901479
713,688,0.000284846
713,690,0.000844625
713,709,1
713,712,0.568289
1837,1827,0.572618
1837,1832,0.614259
804,796,1
804,798,1
804,799,0.900646
804,800,1
804,803,0.90666
806,778,0.265042
806,788,0.570582
806,789,0.277923
2123,2110,0.0327673
2123,2114,0.0305188
2123,2115,0.0144045
2123,2117,0.0122677
2123,2118,0.0354823
2123,2120,0.00395902
2123,2122,1
2211,2186,1
2211,2207,1
2211,2208,1
2169,2166,1
2169,2167,1
2115,1785,0.0288155
2115,2110,0.909118
2115,2113,0.910688
2115,2114,0.00480309
1788,1782,0.873951
1788,1783,0.445916
1788,1784,1
1788,1786,0.0162592
1788,1787,1
1846,1709,1
1846,1766,1
1846,1767,0.488233
1846,1768,1
1846,1839,1
1846,1840,1
1668,1659,1
1668,1664,0.946549
1668,1666,1
1668,1667,0.515831
1664,1642,0.83678
1664,1651,0.947622
1664,1656,0.216794
1664,1659,0.794625
1653,1609,1
1653,1612,0.905532
1653,1616,0.902673
1653,1645,0.748504
1653,1649,1
783,778,0.907109
783,779,1
783,781,0.906719
741,731,0.0697353
741,735,0.911736
741,737,0.0217581
693,678,0.927616
693,681,0.921037
693,682,1
693,687,0.460946
693,691,0.900606
2113,1785,0.0102778
2113,1787,1
2113,1788,1
2113,2112,0.141722
2186,2166,0.491491
2186,2168,0.508064
2186,2169,0.90348
2167,2161,1
2167,2162,1
2167,2166,1
2172,2160,1
2172,2162,1
2172,2170,1
2172,2171,0.00493169
1606,1596,1
1606,1602,1
1606,1603,1
796,789,0.904159
796,795,0.07024
899,895,0.316185
899,898,0.317565
742,731,0.116822
742,733,0.0941434
742,741,1
2208,2206,1
2208,2207,1
1827,1822,1
1827,1824,1
1654,1642,1
1654,1645,1
1654,1648,1
1654,1649,1
1654,1651,0.735761
1654,1653,1
781,778,0.907811
735,727,0.900219
735,729,0.902882
735,731,0.900979
735,734,0.90063
2210,2206,1
2210,2208,0.575304
2210,2209,1
2162,2160,1
2162,2161,1
2121,2119,1
2121,2120,1
1768,1766,1
1768,1767,1
1828,1819,1
1828,1822,1
1828,1824,1
1828,1825,1
1828,1827,1
1825,1659,1
1825,1667,0.555574
1825,1668,1
1825,1819,0.568235
1825,1824,1
1594,798,0.903144
1594,803,0.900336
1594,804,0.900702
1594,1593,1
907,897,0.0214679
907,898,0.172445
898,895,0.0696139
898,897,0.454269
734,683,0.0719823
734,726,0.00892729
734,727,0.900771
734,729,0.900844
684,683,0.909562
2170,2119,1
2170,2121,1
2170,2157,1
2170,2160,1
2114,1785,1
2114,2107,0.460436
2114,2109,1
2114,2111,0.770438
2114,2113,0.00166067
895,885,0.00281286
895,886,0.953197
895,894,0.0358976
733,730,0.00284294
733,731,0.0021425
733,732,0.088371
1780,1753,0.0205852
1780,1779,0.906456
1782,1768,1
1782,1770,1
1782,1777,0.0617241
1839,1766,1
1839,1832,1
1839,1835,0.0362408
1839,1836,0.0476136
1839,1837,1
1656,1642,0.398882
1656,1651,0.591706
1609,1606,1
1609,1607,1
886,884,0.488079
886,885,0.0215381
687,682,0.637295
687,686,1
678,597,1
678,599,1
678,675,1
678,677,1
2112,1785,0.0178531
2112,1786,0.235876
2112,1788,0.230626
798,795,0.275615
798,796,1
798,797,0.501237
1785,1778,0.269936
1786,1782,0.0186646
1832,1827,1
732,730,0.0220879
732,731,0.0600757
690,686,0.000729561
690,687,0.00054218
690,688,0.418426
690,689,0.454123
2209,2205,0.901124
2209,2206,1
2120,2116,1
2120,2117,1
2120,2119,1
1596,1593,0.520566
1596,1594,0.377914
1596,1595,1
857,850,0.00722968
2207,2165,0.907186
2207,2168,1
2207,2186,0.54844
2207,2204,0.943444
2207,2206,1
2168,2164,1
2168,2165,0.901302
2168,2166,1
2166,2155,0.925298
2166,2161,1
2166,2163,1
2166,2164,1
2117,2108,0.659786
2117,2109,1
2117,2114,1
2117,2116,0.674911
1777,1764,0.00728634
1777,1768,0.0731824
1659,1656,0.453519
1648,1642,1
1648,1643,1
1648,1645,1
1648,1646,1
1645,1609,1
1645,1610,1
1645,1643,1
795,668,0.900234
897,894,1
731,727,0.904973
731,730,1
726,683,0.901411
2119,2100,1
2119,2102,1
2119,2116,1
1779,1742,0.261957
1779,1753,0.187022
1779,1765,0.275162
1845,1761,1
1845,1764,0.560066
1845,1766,0.0411232
1845,1768,0.035914
1845,1777,0.117872
1845,1844,0.321231
894,885,0.901501
894,886,0.0145872
2109,2106,1
2109,2107,1
2109,2108,1
2111,1778,0.193359
2111,1785,1
2111,2104,1
2111,2107,1
1753,1742,0.900662
1753,1751,0.90139
1836,1830,0.00488252
1836,1831,0.00870319
1836,1832,0.0626993
1836,1833,0.0505475
1836,1834,0.00463207
1836,1835,0.951409
1833,1821,0.0166323
1833,1822,0.939924
1833,1827,1
1833,1831,0.00517529
1833,1832,0.589157
1822,1819,1
1822,1821,0.034096
1819,1659,1
1819,1662,0.131511
1607,1595,1
1607,1596,1
1607,1605,1
1607,1606,1
797,668,0.905114
797,795,0.901497
797,796,0.750473
903,891,0.808549
903,892,1
903,902,1
682,679,0.90126
682,680,0.90187
682,681,0.907975
675,597,1
1835,1834,0.0827705
2205,2204,0.0537507
2161,2154,1
2161,2155,1
2161,2159,1
2161,2160,1
2107,2104,0.9026
2107,2106,1
1765,1742,1
1844,1761,0.105677
1844,1766,0.037712
1844,1834,0.125723
1844,1835,1
1844,1839,0.0385963
892,890,0.404745
892,891,0.640695
786,623,0.000237353
786,633,0.901272
786,635,0.900255
854,849,0.0729298
854,852,1
2206,2204,0.401274
2206,2205,0.901533
2155,2154,1
2160,2156,1
2160,2157,1
2160,2159,0.905978
1661,1642,1
1661,1656,0.917001
1661,1659,0.854938
1661,1660,1
1610,1605,1
1610,1607,1
1610,1608,1
1610,1609,1
1593,797,1
1593,798,1
1593,810,1
1593,1534,1
904,902,0.591418
904,903,0.584754
856,852,0.14152
856,854,0.18724
856,855,0.483784
681,677,0.905695
681,678,0.909108
681,679,0.901522
2204,2165,0.924834
1595,1534,1
1595,1537,1
1595,1593,1
1595,1594,1
890,883,1
890,889,1
729,726,0.0130875
729,727,0.903951
729,728,0.901868
319,317,0.269471
319,318,0.0902933
2157,2101,0.902436
2157,2102,1
2157,2119,1
2157,2156,1
906,660,0.819597
906,662,1
906,904,0.900346
728,727,0.905058
881,855,0.062894
881,856,0.0732529
677,596,0.901033
677,675,1
2165,2164,0.117737
2116,2094,0.551945
2116,2095,0.901867
2116,2100,1
2116,2102,1
2116,2108,1
2108,2094,1
2108,2105,1
2108,2106,1
1778,1775,0.031997
1778,1776,0.363164
633,618,0.00710311
633,619,0.527553
633,632,1
2164,2163,0.545972
2163,2154,1
2163,2155,0.505686
902,660,1
902,891,1
902,892,1
871,868,0.00232193
871,869,0.000366192
871,870,0.900569
686,682,1
686,685,0.903299
1764,1759,1
1764,1760,1
1764,1761,1
1764,1763,0.915201
1821,1662,0.128755
1821,1818,0.0249329
1821,1819,0.0196169
1821,1820,0.0277261
1662,1655,0.000360073
1662,1658,0.000515963
1662,1659,0.209097
1662,1660,0.54691
1662,1661,0.223525
1643,1562,0.0863712
1643,1564,0.41875
1643,1608,0.466536
1643,1610,1
810,668,0.905597
810,671,1
810,797,1
619,617,1
619,618,0.0148742
870,868,0.0140604
870,869,0.00333261
855,852,0.261595
1831,1820,1
1831,1821,0.120969
1831,1822,0.00851472
1831,1830,1
1646,1563,0.00024144
1646,1564,0.124424
1646,1642,1
1646,1643,1
891,638,1
891,889,0.51424
891,890,1
689,685,0.00230597
689,686,0.00678314
315,313,0.474918
315,314,0.212807
314,311,0.0135587
314,312,0.0425006
314,313,0.0257457
2102,2100,1
2102,2101,0.902298
1761,1706,1
1761,1759,1
1761,1760,1
1660,1563,0.000224511
1660,1642,0.55083
1660,1646,1
1660,1648,0.836529
1660,1655,0.000305378
662,659,0.900965
662,660,1
662,661,0.0448392
679,596,0.919657
679,676,0.907466
679,677,0.903591
2159,2154,1
2159,2155,1
2159,2156,1
2106,2103,1
2106,2104,1
2106,2105,1
2104,1775,1
2104,1778,0.0478541
2104,2103,1
1751,1742,0.934703
2156,2101,1
2156,2102,1
1834,1704,1
1834,1706,1
1834,1761,1
1834,1830,1
1834,1831,1
1564,1561,0.00365834
1564,1562,0.57976
1564,1563,0.00169379
1562,1548,0.0292018
1562,1549,0.0345265
1562,1561,0.0437226
1608,1546,0.00697877
1608,1549,0.00100444
1608,1562,0.0388256
1608,1605,1
1608,1607,1
1605,1537,1
1605,1544,0.000532905
1605,1546,0.0204181
1605,1552,0.00447042
1605,1595,1
1605,1596,0.901275
1537,1534,1
663,661,0.0037945
663,662,0.560021
660,638,0.329774
660,659,0.269415
889,638,0.864978
618,617,0.0180361
685,674,0.000492259
685,680,0.212269
685,682,0.900288
1776,1773,1
1776,1775,0.319879
847,845,0.220518
301,294,0.683761
301,299,1
1818,1658,1
1818,1662,0.000189935
1818,1688,0.916837
1658,1568,1
1658,1655,1
639,634,0.900293
639,635,0.00629232
639,637,0.0262849
312,303,1
312,304,1
312,311,1
2099,294,0.903972
2099,299,0.900629
2099,301,1
2099,2098,0.901574
2101,2100,0.416934
2094,2089,0.902768
2105,2089,0.901556
2105,2094,0.903791
2105,2103,1
1763,1760,0.0299627
1763,1762,0.0631877
635,618,0.900314
635,632,0.900582
635,633,0.00257236
635,634,0.908616
680,673,0.00973922
680,674,0.00611509
680,676,0.904792
680,679,0.915269
2100,2095,0.919153
1775,1772,0.901004
1775,1773,1
1775,1774,0.900833
1830,1702,0.724457
1830,1704,1
1830,1820,1
1820,1688,1
1820,1700,1
1820,1702,1
1820,1818,1
1546,1537,0.0324535
1546,1544,0.0644184
879,869,0.676391
879,870,0.00889526
318,310,1
318,316,1
318,317,0.542694
2095,2089,0.094631
2095,2094,0.376295
2103,1774,0.904092
2103,1775,1
2103,2088,0.901995
1760,1758,0.910175
1760,1759,1
1759,1705,1
1759,1706,1
1759,1758,0.912194
1655,1563,1
1655,1566,1
1655,1568,1
1552,1534,0.00329048
1552,1536,0.070024
1552,1537,0.0156213
1552,1544,0.0885553
1552,1546,1
1552,1550,0.278237
1534,671,1
1534,810,0.900282
671,668,0.267978
671,669,0.949009
671,670,0.0084702
661,658,0.959534
661,659,0.958628
621,617,0.119464
621,618,0.909652
621,619,0.912841
621,620,0.901296
867,866,0.90063
868,844,0.183923
868,845,0.568816
868,847,1
868,866,0.900609
868,867,0.328357
845,841,0.637099
845,842,0.900321
845,844,1
672,658,0.0281767
672,661,0.0151369
672,663,0.401602
672,667,0.922353
672,669,0.0344277
659,638,0.00988704
659,656,0.000231176
869,867,0.48354
869,868,0.851301
674,673,0.905008
676,595,0.915321
676,596,0.93222
676,673,0.00531975
317,310,1
317,313,0.380848
317,315,0.17925
317,316,1
1563,1557,0.9019
1563,1560,0.860062
1563,1561,1
2089,2088,0.91724
1773,1757,0.0976511
1773,1771,0.901697
1773,1772,1
1706,1703,0.50463
1706,1704,1
1706,1705,1
669,666,0.00217552
669,667,0.0565707
669,668,0.394231
632,618,0.909845
878,874,0.10533
878,875,0.00455548
878,877,0.262015
842,836,0.0323595
842,837,0.25233
842,841,0.00603506
2088,1774,1
1774,1772,1
1757,1756,0.902012
1762,1755,0.900311
1762,1756,0.00359181
1762,1758,0.906946
1762,1760,0.903432
1704,1701,1
1704,1702,1
1704,1703,0.903938
1568,1565,1
1568,1566,1
1568,1567,1
1561,1542,1
1561,1548,0.717098
1561,1557,1
637,626,0.0637914
637,629,0.0648444
637,631,0.184281
637,634,0.000667922
304,299,1
304,300,0.267351
304,301,1
304,303,1
294,292,0.17837
294,293,0.204939
1688,1568,1
1688,1657,1
1688,1658,1
1688,1684,1
1549,1543,1
1549,1544,1
1549,1546,0.0391569
1549,1547,1
1549,1548,1
667,657,0.430032
667,658,0.14734
667,665,0.329977
667,666,0.256334
874,863,1
874,864,1
874,873,1
1772,1771,1
1702,1686,0.901603
1702,1700,1
1702,1701,1
1548,1542,1
1548,1547,1
658,655,0.900499
658,657,0.900835
634,626,0.000769309
634,629,0.000754256
634,630,0.900515
634,631,0.0049237
634,632,0.901303
866,844,0.0221993
837,829,0.543116
837,836,0.516763
313,307,1
313,310,0.336079
313,311,1
311,297,1
311,303,1
311,307,1
299,293,0.226784
299,294,1
2092,287,1
2092,2087,1
2092,2090,1
1771,1756,0.91357
1771,1757,0.0765756
1566,1559,1
1566,1560,1
1566,1563,1
1566,1565,1
1550,651,0.0302173
1550,670,0.922888
1550,671,0.0158441
1550,1533,0.0217087
1550,1534,0.015048
1550,1536,0.355167
656,631,0.907494
656,637,0.933928
656,653,0.900299
636,622,0.462196
636,626,0.000653553
636,630,1
636,632,1
636,634,0.902998
622,616,0.00157768
622,618,0.902564
622,620,0.911543
622,621,0.904517
620,615,0.103477
620,616,0.0028733
875,591,0.902399
875,873,0.932895
875,874,0.405178
844,841,0.902976
844,842,0.900944
2093,2086,0.000718146
2093,2087,0.000560162
2093,2090,0.000508699
2093,2091,0.912102
2093,2092,0.0131579
1756,1755,0.00637371
316,309,1
316,310,1
2098,290,0.470847
2098,292,0.229767
2098,294,1
2098,2096,1
1750,1746,1
1750,1748,0.908485
1750,1749,1
1758,1705,1
1758,1755,0.900686
1758,1756,0.297416
1701,1685,1
1701,1686,0.90685
1701,1687,0.0240826
1700,1684,1
1700,1686,0.902283
1700,1688,1
670,651,0.0757582
670,666,0.359893
670,667,1
670,669,0.0123864
631,626,0.00361523
631,629,0.00505358
615,593,0.0023447
615,594,0.0463584
877,591,1
877,594,0.924845
877,615,0.0384763
877,873,0.495672
877,875,0.127245
864,861,1
864,862,0.47645
864,863,1
673,595,0.0207176
2096,287,0.341794
2096,290,0.124814
2096,2092,0.406734
1748,1744,0.159383
1748,1746,0.161364
1748,1747,0.316924
1657,1528,0.902401
1657,1567,1
1657,1568,1
1560,1556,1
1560,1557,1
1560,1559,1
655,653,0.901353
598,595,0.142372
1705,1703,1
1544,1535,1
1544,1536,1
1544,1537,0.000634115
1544,1543,1
594,591,0.429193
594,593,0.193112
841,836,1
841,838,0.903027
303,297,0.479586
303,300,0.313362
303,302,1
293,291,0.904134
293,292,1
2091,1749,1
2091,1750,0.505547
2091,2086,0.316219
2091,2090,0.906465
630,612,0.00110168
630,616,0.903816
630,620,0.913293
630,622,0.248126
630,626,0.0024416
630,629,0.00174495
616,593,0.0442143
616,612,0.0508457
616,614,0.233543
616,615,0.241161
862,840,0.934519
862,860,0.904633
862,861,0.453362
836,828,1
836,829,1
836,834,0.90035
829,826,1
829,828,1
1703,1687,0.905075
1703,1701,0.926729
1543,1535,0.628298
1543,1539,0.451779
1536,1532,0.634031
1536,1533,0.084041
1536,1534,0.000177372
1536,1535,1
1533,647,0.921251
1533,651,0.923711
1533,1532,0.904996
651,647,0.905892
651,649,0.551701
310,305,1
310,307,0.555757
310,309,1
300,293,0.9171
300,298,1
300,299,0.229882
292,286,0.904415
292,289,0.902727
292,290,1
292,291,0.903532
1747,1737,0.486076
1747,1741,0.25781
1747,1744,1
1741,1735,0.150998
1741,1737,0.0271459
1741,1739,0.148177
1739,1735,1
1739,1738,0.00042033
1687,1685,0.0090725
1684,1528,0.0539012
1684,1567,1
1684,1657,1
1684,1683,1
1565,1527,1
1565,1559,1
1557,1542,1
1557,1555,0.30265
1557,1556,0.572649
666,645,1
666,649,1
666,651,0.500841
666,665,1
653,629,0.0168239
653,631,1
653,652,0.00137706
565,564,0.00093868
1542,1541,0.829437
1547,1539,1
1547,1541,1
1547,1542,1
1547,1543,1
657,652,0.490526
657,653,0.900688
657,654,1
657,655,0.0115431
593,591,1
593,592,0.759734
290,284,1
290,286,0.904384
290,287,1
1686,1683,0.680007
1686,1684,0.295946
1686,1685,0.900961
873,588,0.908398
873,591,1
873,863,1
873,864,1
863,588,0.904579
863,861,1
2090,283,1
2090,2086,1
2090,2087,0.583273
1559,1522,0.900448
1559,1527,1
1559,1556,1
840,833,0.250561
838,828,0.191041
838,834,1
838,836,0.900582
826,825,0.900184
1749,1745,1
1749,1746,1
1683,1528,0.0936127
1567,1527,1
1567,1528,0.902256
1567,1565,1
665,642,0.517652
665,645,1
665,649,1
665,654,1
665,657,1
665,658,0.563364
307,297,1
307,305,0.477379
307,306,0.545776
2087,283,0.603983
2087,285,1
2087,287,1
1746,1743,1
1746,1744,1
1746,1745,1
1555,1541,1
1555,1542,0.470427
1555,1554,0.901096
591,587,1
591,588,0.929412
591,590,1
861,586,0.369481
861,588,0.482106
861,840,1
861,860,1
835,564,0.550272
835,565,0.00379085
835,825,0.90029
835,826,1
835,829,1
287,284,1
287,285,1
1527,1522,0.907314
1556,1522,0.901342
1556,1554,0.901019
1556,1555,0.439557
302,295,0.456923
302,296,1
302,297,1
302,298,0.0916182
302,300,0.340216
2086,13,1
2086,283,1
2086,1745,1
2086,1749,1
1740,1696,0.20934
1740,1697,0.0411324
1740,1738,0.901845
1740,1739,0.22557
1696,1692,0.232112
1696,1694,1
1696,1695,0.423567
1539,1531,0.902405
1539,1535,1
1539,1538,0.904594
1535,1529,0.655209
1535,1531,0.918838
1535,1532,1
649,644,1
649,645,1
649,646,1
649,647,1
652,607,0.910499
652,627,0.912748
652,640,0.30501
629,624,0.644928
629,626,1
629,627,0.357089
626,612,1
626,624,0.69513
614,593,0.906421
614,608,0.618189
614,612,1
614,613,1
833,830,0.916999
833,832,0.900853
309,305,1
309,308,1
297,296,0.911873
298,291,0.933696
298,293,0.908046
298,295,0.544063
1738,1697,0.00365154
1580,1526,0.0253416
1580,1576,0.000779296
1580,1578,0.0026299
654,640,0.902538
654,642,1
654,652,1
588,586,0.0704301
588,587,0.312506
834,828,0.387766
1735,1734,0.900378
1694,1692,0.56527
1694,1693,1
1532,647,0.914577
1532,650,0.461603
1532,1529,0.714758
645,641,1
645,642,1
645,644,1
612,608,0.908098
612,609,0.917623
828,825,0.125888
828,826,1
828,827,0.91828
1744,1736,0.202966
1744,1737,1
1744,1743,1
1697,1691,1
1697,1695,1
1697,1696,0.575706
1699,1576,0.000802801
1699,1580,0.20978
1699,1689,0.00246502
1578,1524,0.00205337
1578,1525,0.00613349
1578,1526,0.000755671
1541,1538,1
1541,1539,1
1541,1540,0.906075
650,643,0.933963
650,646,0.905617
650,647,0.10694
650,649,0.383251
642,640,0.902798
642,641,0.904406
613,589,0.201488
613,592,0.310819
613,593,0.901414
613,608,0.44199
592,589,1
592,590,1
592,591,1
586,582,0.902241
586,583,0.285643
586,584,0.908711
860,582,0.553225
860,586,0.587996
860,832,0.904969
860,833,1
860,840,0.550893
825,563,0.0242467
825,823,0.0297608
1737,1734,0.900217
1737,1735,0.393055
1737,1736,0.903679
1554,1522,0.0781045
1554,1541,0.238628
627,607,0.451827
627,624,0.211977
564,563,0.368078
291,288,0.094583
291,289,0.428905
289,286,0.227156
289,288,0.566942
286,284,0.169847
285,283,1
285,284,1
283,13,1
1745,13,1
1745,1743,0.943037
1743,1736,0.120161
1695,1691,0.90107
1695,1692,1
1693,1690,1
1693,1692,0.293028
1690,1689,1
1689,1576,1
1576,1526,0.164278
1526,1524,0.911259
1525,1521,0.0126256
1525,1524,0.374479
1521,1520,0.00134958
1520,1519,0.00522657
1519,1518,0.100755
1540,1538,0.0108487
1538,1531,1
1531,1529,0.286986
1529,643,0.90238
1529,650,0.804056
646,643,1
646,644,1
644,641,1
308,305,0.557332
306,296,0.916362
306,297,0.906406
306,305,0.413228
296,295,0.370774
295,288,0.901445
295,291,0.9019
641,640,1
640,607,0.819113
624,607,0.726294
624,609,0.903137
624,612,1
609,608,0.0187235
608,589,1
590,587,1
590,589,0.505746
587,584,0.940184
587,586,0.482845
584,583,0.0572157
583,582,0.902785
832,582,0.0335562
832,830,0.903077
831,821,0.566243
831,830,1
827,823,0.13171
827,825,0.318832
823,563,1
