16 
16 
16 
1 
16 
1 
16 
1 
1 
16 
16 
16 
46 
51 
53 
10 
10 
10 
10 
55 
58 
62 
57 
59 
62 
62 
62 
62 
62 
55 
66 
66 
66 
66 
88 
66 
88 
66 
88 
66 
88 
66 
66 
66 
66 
66 
66 
66 
66 
66 
89 
88 
88 
88 
88 
88 
88 
51 
51 
51 
51 
51 
88 
51 
88 
88 
88 
88 
88 
88 
55 
55 
52 
88 
51 
62 
1 
94 
94 
92 
94 
94 
94 
94 
94 
62 
61 
62 
61 
62 
61 
62 
61 
96 
61 
56 
56 
61 
61 
98 
61 
93 
64 
60 
1 
98 
66 
66 
80 
80 
80 
80 
66 
66 
100 
66 
100 
66 
66 
66 
66 
80 
68 
66 
68 
68 
68 
80 
80 
80 
80 
80 
80 
80 
80 
94 
91 
94 
80 
80 
80 
80 
80 
80 
80 
80 
80 
88 
90 
1 
64 
64 
100 
63 
55 
65 
98 
99 
64 
64 
69 
69 
66 
66 
69 
69 
66 
69 
69 
69 
69 
69 
69 
51 
51 
51 
51 
51 
51 
51 
51 
1 
51 
51 
51 
51 
54 
1 
69 
10 
10 
10 
10 
10 
10 
10 
10 
10 
10 
10 
10 
10 
10 
10 
10 
10 
1 
10 
10 
10 
10 
81 
81 
68 
67 
68 
69 
68 
81 
69 
81 
69 
69 
81 
69 
81 
69 
81 
81 
81 
81 
81 
81 
81 
81 
68 
81 
81 
81 
81 
76 
81 
76 
1 
69 
102 
1 
69 
1 
103 
1 
1 
101 
77 
76 
10 
10 
10 
10 
10 
10 
10 
10 
10 
10 
10 
10 
10 
10 
10 
1 
10 
10 
10 
10 
10 
10 
10 
10 
10 
10 
10 
46 
46 
46 
46 
46 
46 
46 
46 
46 
46 
46 
46 
46 
46 
46 
46 
46 
46 
46 
46 
46 
46 
46 
46 
46 
46 
46 
46 
46 
46 
46 
46 
46 
46 
46 
46 
46 
87 
87 
87 
84 
94 
94 
1 
86 
85 
105 
105 
105 
105 
105 
105 
105 
107 
107 
105 
106 
1 
1 
105 
105 
87 
87 
87 
87 
87 
87 
87 
87 
95 
87 
87 
73 
82 
74 
87 
72 
72 
72 
87 
73 
72 
87 
87 
87 
73 
87 
87 
73 
73 
73 
105 
73 
73 
74 
74 
73 
83 
73 
72 
72 
73 
83 
107 
1 
107 
108 
109 
108 
111 
1 
105 
73 
104 
73 
73 
73 
73 
73 
73 
73 
73 
1 
114 
1 
115 
114 
112 
112 
110 
110 
1 
115 
116 
113 
10 
10 
1 
112 
10 
10 
10 
10 
81 
81 
81 
81 
74 
74 
74 
75 
81 
72 
71 
72 
71 
76 
76 
76 
76 
76 
76 
76 
76 
70 
1 
74 
83 
74 
74 
83 
74 
83 
83 
76 
75 
76 
78 
76 
118 
1 
118 
117 
1 
76 
76 
76 
76 
76 
79 
119 
118 
10 
10 
10 
10 
10 
10 
10 
10 
10 
10 
14 
10 
10 
10 
10 
10 
83 
83 
83 
83 
83 
83 
83 
120 
1 
10 
10 
10 
10 
10 
10 
10 
10 
10 
10 
10 
10 
10 
10 
10 
10 
10 
10 
10 
10 
10 
10 
10 
10 
10 
10 
10 
10 
10 
10 
10 
10 
10 
10 
1 
10 
10 
10 
10 
10 
10 
10 
10 
10 
10 
10 
10 
10 
10 
10 
10 
10 
1 
10 
10 
10 
10 
10 
10 
10 
10 
10 
10 
132 
129 
121 
1 
1 
1 
134 
1 
140 
141 
136 
1 
135 
1 
137 
137 
1 
1 
137 
12 
12 
12 
1 
12 
12 
12 
12 
12 
12 
12 
12 
12 
30 
30 
30 
30 
30 
31 
32 
32 
30 
31 
32 
32 
10 
12 
13 
1 
1 
13 
12 
12 
12 
12 
12 
12 
12 
12 
12 
12 
2 
13 
1 
13 
10 
1 
13 
12 
10 
12 
12 
12 
12 
12 
10 
10 
12 
10 
10 
10 
10 
10 
10 
10 
10 
1 
10 
10 
10 
10 
10 
10 
10 
10 
10 
10 
10 
10 
10 
10 
10 
1 
10 
10 
10 
10 
10 
10 
10 
10 
29 
29 
30 
30 
30 
30 
30 
30 
30 
30 
22 
22 
30 
30 
30 
26 
28 
27 
30 
30 
30 
32 
32 
22 
22 
1 
22 
22 
21 
22 
22 
22 
22 
22 
22 
22 
30 
30 
30 
30 
30 
30 
30 
30 
32 
32 
22 
22 
23 
32 
1 
22 
22 
22 
22 
22 
22 
22 
22 
21 
21 
22 
22 
19 
19 
22 
22 
22 
24 
25 
22 
20 
1 
22 
22 
19 
19 
19 
19 
4 
19 
15 
20 
1 
18 
1 
19 
19 
16 
19 
16 
16 
16 
16 
3 
15 
15 
16 
16 
16 
16 
16 
16 
16 
16 
10 
10 
1 
10 
1 
10 
1 
1 
12 
1 
10 
10 
10 
10 
10 
10 
10 
10 
10 
10 
10 
10 
10 
10 
1 
10 
10 
10 
10 
1 
1 
1 
10 
10 
10 
10 
10 
10 
1 
1 
10 
10 
1 
12 
1 
132 
1 
128 
127 
126 
127 
127 
12 
12 
12 
12 
130 
127 
130 
130 
130 
1 
12 
130 
131 
1 
131 
131 
1 
124 
1 
149 
1 
1 
146 
1 
146 
148 
147 
1 
1 
1 
12 
12 
12 
12 
12 
1 
123 
123 
124 
122 
133 
133 
1 
12 
12 
12 
1 
12 
12 
125 
1 
145 
1 
10 
154 
151 
155 
1 
1 
10 
10 
10 
10 
1 
151 
155 
1 
151 
152 
153 
1 
1 
10 
10 
10 
1 
10 
150 
32 
32 
33 
32 
35 
1 
35 
1 
37 
10 
1 
16 
10 
10 
10 
10 
10 
10 
10 
10 
10 
10 
10 
10 
1 
10 
10 
10 
1 
10 
1 
10 
10 
10 
10 
10 
10 
10 
10 
10 
10 
10 
10 
32 
32 
32 
17 
16 
16 
1 
16 
16 
16 
4 
16 
1 
16 
16 
16 
16 
16 
16 
16 
16 
16 
32 
32 
32 
32 
22 
32 
32 
32 
32 
32 
32 
32 
32 
34 
16 
16 
34 
16 
39 
36 
16 
16 
39 
1 
21 
1 
16 
1 
16 
1 
38 
40 
16 
1 
16 
1 
10 
10 
10 
16 
16 
10 
10 
10 
10 
1 
10 
10 
10 
16 
16 
16 
16 
16 
16 
10 
1 
16 
1 
10 
1 
10 
10 
10 
10 
10 
10 
10 
16 
16 
16 
16 
16 
16 
16 
16 
16 
16 
16 
16 
16 
16 
16 
16 
16 
16 
16 
16 
16 
16 
16 
16 
16 
16 
16 
16 
16 
16 
16 
16 
1 
16 
16 
16 
16 
16 
16 
16 
16 
16 
16 
16 
16 
16 
16 
16 
16 
16 
16 
16 
10 
10 
10 
16 
16 
16 
16 
16 
16 
16 
16 
1 
16 
10 
5 
10 
10 
10 
10 
1 
10 
16 
16 
10 
10 
10 
10 
10 
1 
10 
10 
10 
10 
10 
1 
10 
9 
10 
10 
10 
10 
10 
10 
1 
10 
1 
10 
1 
10 
10 
10 
10 
10 
10 
10 
10 
1 
10 
10 
1 
10 
10 
10 
10 
10 
10 
10 
10 
10 
10 
10 
10 
10 
10 
10 
1 
10 
1 
10 
10 
10 
10 
10 
10 
1 
10 
10 
1 
10 
10 
10 
10 
10 
10 
10 
10 
10 
10 
10 
141 
138 
141 
157 
142 
157 
138 
156 
157 
1 
157 
182 
183 
188 
183 
157 
157 
182 
181 
181 
157 
181 
169 
169 
157 
139 
157 
139 
157 
139 
157 
1 
1 
157 
157 
157 
157 
157 
143 
157 
157 
144 
158 
1 
157 
157 
1 
181 
179 
180 
206 
1 
191 
183 
191 
1 
206 
184 
1 
183 
204 
205 
181 
205 
178 
192 
168 
205 
191 
204 
191 
204 
1 
1 
1 
157 
1 
185 
185 
187 
189 
1 
191 
191 
191 
185 
191 
186 
191 
191 
191 
191 
187 
1 
1 
1 
1 
216 
215 
216 
216 
215 
213 
161 
1 
167 
167 
167 
166 
177 
177 
173 
177 
159 
165 
160 
1 
161 
163 
162 
164 
164 
162 
1 
207 
190 
171 
207 
171 
197 
170 
197 
171 
214 
213 
197 
209 
204 
1 
203 
200 
200 
172 
200 
200 
172 
200 
209 
209 
209 
209 
209 
203 
201 
166 
1 
173 
198 
174 
174 
199 
175 
176 
199 
176 
193 
1 
194 
1 
164 
1 
202 
201 
198 
174 
200 
199 
175 
1 
209 
209 
209 
209 
209 
201 
201 
197 
212 
199 
1 
1 
209 
209 
1 
209 
234 
209 
235 
236 
236 
213 
213 
213 
1 
213 
209 
1 
213 
1 
1 
209 
1 
209 
1 
209 
1 
209 
1 
235 
221 
1 
209 
1 
235 
236 
1 
1 
233 
1 
236 
1 
232 
232 
223 
232 
223 
222 
227 
222 
227 
243 
196 
1 
195 
1 
1 
1 
194 
218 
217 
194 
212 
213 
212 
1 
194 
210 
212 
234 
232 
212 
234 
213 
211 
209 
209 
225 
209 
211 
1 
1 
232 
1 
217 
1 
208 
1 
225 
209 
208 
1 
223 
208 
224 
1 
1 
223 
1 
220 
227 
220 
227 
219 
227 
1 
227 
1 
234 
230 
231 
231 
232 
238 
231 
232 
238 
232 
239 
232 
239 
1 
239 
1 
239 
1 
244 
1 
244 
1 
242 
1 
242 
1 
231 
1 
234 
49 
50 
48 
47 
10 
1 
44 
45 
44 
10 
10 
10 
1 
10 
10 
10 
10 
10 
10 
10 
10 
10 
10 
10 
10 
10 
10 
1 
10 
10 
10 
10 
10 
1 
10 
1 
10 
10 
10 
10 
1 
10 
10 
10 
10 
10 
10 
10 
10 
10 
10 
16 
16 
16 
16 
1 
10 
10 
42 
1 
41 
1 
46 
10 
10 
10 
10 
10 
10 
10 
10 
1 
10 
10 
10 
10 
10 
10 
10 
1 
10 
10 
1 
10 
10 
10 
10 
10 
10 
10 
10 
10 
10 
10 
10 
10 
10 
10 
10 
1 
10 
10 
10 
10 
10 
1 
10 
10 
10 
10 
10 
10 
10 
10 
10 
1 
10 
10 
10 
10 
10 
10 
10 
10 
10 
10 
1 
10 
10 
1 
10 
10 
10 
10 
10 
10 
10 
10 
10 
10 
10 
10 
10 
10 
10 
1 
10 
10 
10 
10 
10 
10 
1 
10 
10 
10 
10 
10 
10 
1 
1 
10 
10 
10 
10 
10 
10 
10 
10 
10 
10 
42 
42 
42 
42 
42 
42 
42 
42 
42 
1 
46 
10 
10 
10 
10 
10 
10 
10 
1 
10 
10 
10 
10 
10 
10 
10 
1 
10 
10 
10 
10 
10 
10 
10 
10 
10 
10 
10 
10 
10 
10 
10 
10 
10 
10 
46 
46 
46 
46 
43 
46 
43 
46 
250 
46 
46 
46 
46 
46 
46 
46 
46 
250 
1 
250 
1 
10 
7 
7 
10 
10 
10 
10 
10 
10 
10 
250 
10 
10 
10 
10 
10 
6 
6 
6 
6 
6 
6 
10 
6 
251 
251 
1 
10 
10 
10 
6 
10 
10 
10 
10 
10 
10 
10 
10 
10 
10 
10 
10 
10 
10 
10 
10 
10 
10 
10 
10 
10 
10 
10 
10 
10 
10 
10 
10 
10 
10 
10 
1 
10 
10 
10 
10 
10 
1 
10 
10 
10 
10 
10 
10 
10 
10 
10 
10 
10 
10 
10 
10 
10 
10 
10 
10 
10 
10 
10 
10 
10 
1 
1 
10 
10 
10 
10 
10 
10 
10 
10 
10 
10 
10 
10 
10 
10 
10 
10 
10 
10 
10 
10 
10 
1 
10 
10 
10 
10 
10 
1 
10 
10 
10 
10 
10 
10 
10 
10 
10 
10 
10 
10 
10 
10 
10 
10 
10 
10 
10 
1 
10 
10 
10 
10 
10 
10 
10 
10 
10 
10 
10 
10 
1 
10 
10 
10 
1 
1 
10 
1 
10 
10 
10 
10 
10 
10 
10 
10 
10 
10 
10 
10 
10 
10 
10 
10 
10 
10 
1 
10 
10 
10 
10 
10 
10 
10 
10 
10 
10 
10 
10 
1 
10 
10 
10 
10 
10 
10 
10 
10 
10 
10 
10 
10 
10 
10 
10 
10 
10 
10 
10 
10 
10 
10 
10 
10 
10 
1 
10 
10 
10 
10 
10 
10 
10 
10 
1 
10 
10 
10 
10 
10 
10 
10 
10 
10 
10 
10 
10 
10 
10 
10 
10 
10 
10 
10 
10 
10 
10 
10 
10 
10 
10 
10 
10 
10 
10 
10 
10 
10 
10 
10 
10 
10 
10 
10 
10 
10 
10 
10 
10 
10 
10 
10 
10 
10 
10 
10 
10 
10 
10 
10 
10 
10 
10 
10 
10 
10 
10 
10 
10 
10 
10 
10 
10 
10 
10 
10 
10 
10 
10 
10 
97 
98 
10 
10 
10 
10 
10 
10 
10 
1 
10 
10 
10 
98 
98 
98 
10 
10 
10 
10 
10 
1 
10 
10 
10 
10 
10 
46 
46 
6 
6 
46 
46 
46 
46 
6 
6 
46 
1 
46 
46 
6 
6 
6 
6 
6 
6 
6 
6 
6 
6 
10 
6 
10 
10 
6 
10 
6 
6 
10 
6 
6 
6 
8 
8 
10 
10 
10 
10 
10 
10 
10 
10 
10 
10 
10 
10 
1 
10 
10 
1 
10 
10 
10 
10 
10 
10 
10 
10 
10 
10 
1 
10 
10 
1 
6 
6 
6 
6 
1 
6 
6 
6 
6 
6 
6 
6 
6 
6 
6 
6 
6 
10 
6 
10 
6 
10 
8 
10 
10 
10 
10 
10 
10 
10 
8 
10 
6 
8 
10 
10 
10 
10 
10 
10 
10 
10 
10 
10 
10 
10 
10 
1 
10 
8 
6 
6 
6 
6 
6 
6 
6 
6 
6 
10 
10 
6 
6 
11 
10 
10 
10 
10 
10 
10 
10 
6 
6 
6 
10 
10 
10 
10 
10 
1 
10 
10 
10 
10 
10 
10 
10 
10 
10 
10 
10 
10 
10 
10 
1 
10 
10 
10 
10 
10 
10 
10 
10 
10 
10 
10 
10 
10 
10 
10 
10 
10 
10 
10 
10 
10 
10 
10 
10 
10 
10 
10 
10 
10 
10 
10 
10 
10 
10 
228 
228 
228 
242 
1 
228 
246 
1 
246 
229 
249 
248 
247 
1 
245 
1 
247 
1 
247 
248 
1 
239 
237 
258 
239 
1 
239 
239 
253 
256 
252 
255 
255 
1 
226 
1 
1 
1 
241 
1 
240 
240 
240 
241 
1 
1 
245 
245 
257 
1 
1 
245 
254 
1 
254 
254 
